slash8	unannouced	private	announced
255	0	1	0
254	0	1	0
253	0	1	0
252	0	1	0
251	0	1	0
250	0	1	0
249	0	1	0
248	0	1	0
247	0	1	0
246	0	1	0
245	0	1	0
244	0	1	0
243	0	1	0
242	0	1	0
241	0	1	0
240	0	1	0
239	0	1	0
238	0	1	0
237	0	1	0
236	0	1	0
235	0	1	0
234	0	1	0
233	0	1	0
232	0	1	0
231	0	1	0
230	0	1	0
229	0	1	0
228	0	1	0
227	0	1	0
226	0	1	0
225	0	1	0
224	0	1	0
223	0.101531982421875	0	0.898468017578125
222	0.0077362060546875	0	0.992263793945313
221	0.0166015625	0	0.9833984375
220	0.080413818359375	0	0.919586181640625
219	0.01910400390625	0	0.98089599609375
218	0.0308837890625	0	0.9691162109375
217	0.02197265625	0	0.97802734375
216	0.0625152587890625	0	0.937484741210938
215	0.5	0	0.5
214	0	0	1
213	0.03070068359375	0	0.96929931640625
212	0.0495147705078125	0	0.950485229492188
211	0.0529022216796875	0	0.947097778320313
210	0.0724029541015625	0	0.927597045898438
209	0.104721069335938	0	0.895278930664063
208	0.037933349609375	0	0.962066650390625
207	0.12335205078125	0	0.87664794921875
206	0.1929931640625	0	0.8070068359375
205	0.3609619140625	0	0.6390380859375
204	0.248260498046875	0	0.751739501953125
203	0.157455444335938	1.52587890625e-05	0.842544555664063
202	0.20330810546875	0	0.79669189453125
201	0.0890350341796875	0	0.910964965820313
200	0.0897369384765625	0	0.910263061523438
199	0.364028930664063	0	0.635971069335938
198	0.307449340820313	1.52587890625e-05	0.692550659179688
197	0.0267486572265625	0	0.973251342773438
196	0.15142822265625	0	0.84857177734375
195	0.0804901123046875	0	0.919509887695313
194	0.13385009765625	0	0.86614990234375
193	0.16497802734375	0	0.83502197265625
192	0.4266357421875	0.0117645263671875	0.5733642578125
191	0.0419464111328125	0	0.958053588867188
190	0.050323486328125	0	0.949676513671875
189	0.0719451904296875	0	0.928054809570313
188	0.0370025634765625	0	0.962997436523438
187	0.132003784179688	0	0.867996215820313
186	0.0977935791015625	0	0.902206420898438
185	0.169143676757813	0	0.830856323242188
184	0.232574462890625	0	0.767425537109375
183	0.0070648193359375	0	0.992935180664063
182	0.0389404296875	0	0.9610595703125
181	0.118301391601563	0	0.881698608398438
180	0.091949462890625	0	0.908050537109375
179	0.05816650390625	0	0.94183349609375
178	0.0406951904296875	0	0.959304809570313
177	0.0387115478515625	0	0.961288452148438
176	0.047637939453125	0	0.952362060546875
175	0.040283203125	0	0.959716796875
174	0.0403594970703125	0	0.959640502929688
173	0.078369140625	0	0.921630859375
172	0.344146728515625	0.0625	0.655853271484375
171	0.40576171875	0	0.59423828125
170	0.5198974609375	0	0.4801025390625
169	0.687606811523438	0.00390625	0.312393188476563
168	0.343276977539063	0	0.656723022460938
167	0.56378173828125	0	0.43621826171875
166	0.331207275390625	0	0.668792724609375
165	0.419281005859375	0	0.580718994140625
164	0.542282104492188	0	0.457717895507813
163	0.48760986328125	0	0.51239013671875
162	0.317031860351563	0	0.682968139648438
161	0.44927978515625	0	0.55072021484375
160	0.328521728515625	0	0.671478271484375
159	0.498245239257813	0	0.501754760742188
158	0.395721435546875	0	0.604278564453125
157	0.36907958984375	0	0.63092041015625
156	0.349929809570313	0	0.650070190429688
155	0.39630126953125	0	0.60369873046875
154	0.0634002685546875	0	0.936599731445313
153	0.261276245117188	0	0.738723754882813
152	0.231185913085938	0	0.768814086914063
151	0.263397216796875	0	0.736602783203125
150	0.40106201171875	0	0.59893798828125
149	0.326248168945313	0	0.673751831054688
148	0.483169555664063	0	0.516830444335938
147	0.340988159179688	0	0.659011840820313
146	0.436676025390625	0	0.563323974609375
145	0.369766235351563	0	0.630233764648438
144	0.4361572265625	0	0.5638427734375
143	0.355865478515625	0	0.644134521484375
142	0.390228271484375	0	0.609771728515625
141	0.22821044921875	0	0.77178955078125
140	0.385330200195313	0	0.614669799804688
139	0.331924438476563	0	0.668075561523438
138	0.342330932617188	0	0.657669067382813
137	0.267440795898438	0	0.732559204101563
136	0.472747802734375	0	0.527252197265625
135	0.601089477539063	0	0.398910522460938
134	0.273544311523438	0	0.726455688476563
133	0.36962890625	0	0.63037109375
132	0.0946807861328125	0	0.905319213867188
131	0.208847045898438	0	0.791152954101563
130	0.311874389648438	0	0.688125610351563
129	0.230392456054688	0	0.769607543945313
128	0.16534423828125	0	0.83465576171875
127	0	1	0
126	0.112579345703125	0	0.887420654296875
125	0.017578125	0	0.982421875
124	0.0914459228515625	0	0.908554077148438
123	0.123672485351563	0	0.876327514648438
122	0.057891845703125	0	0.942108154296875
121	0.0447540283203125	0	0.955245971679688
120	0.058135986328125	0	0.941864013671875
119	0.0724334716796875	0	0.927566528320313
118	0.08270263671875	0	0.91729736328125
117	0.0567779541015625	0	0.943222045898438
116	0.206344604492188	0	0.793655395507813
115	0.127685546875	0	0.872314453125
114	0.109573364257813	0	0.890426635742188
113	0.0400238037109375	0	0.959976196289063
112	0.0227813720703125	0	0.977218627929688
111	0.053466796875	0	0.946533203125
110	0.0454254150390625	0	0.954574584960938
109	0.0156402587890625	0	0.984359741210938
108	0.188552856445313	0	0.811447143554688
107	0.217437744140625	0	0.782562255859375
106	0.18682861328125	0	0.81317138671875
105	0.0965423583984375	0	0.903457641601563
104	0.032196044921875	0	0.967803955078125
103	0.439895629882813	0	0.560104370117188
102	0.322219848632813	0	0.677780151367188
101	0.212081909179688	0	0.787918090820313
100	0.0205078125	0.25	0.9794921875
99	0.0902862548828125	0	0.909713745117188
98	0.124740600585938	0	0.875259399414063
97	0.0220794677734375	0	0.977920532226563
96	0.0446624755859375	0	0.955337524414063
95	0.0239105224609375	0	0.976089477539063
94	0.027496337890625	0	0.972503662109375
93	0.0182342529296875	0	0.981765747070313
92	0.066192626953125	0	0.933807373046875
91	0.041229248046875	0	0.958770751953125
90	0.0378265380859375	0	0.962173461914063
89	0.0499114990234375	0	0.950088500976563
88	0.01678466796875	0	0.98321533203125
87	0.0169830322265625	0	0.983016967773438
86	0.0518341064453125	0	0.948165893554688
85	0.0379791259765625	0	0.962020874023438
84	0.0084686279296875	0	0.991531372070313
83	0.0366363525390625	0	0.963363647460938
82	0.025909423828125	0	0.974090576171875
81	0.0693817138671875	0	0.930618286132813
80	0.02130126953125	0	0.97869873046875
79	0.011383056640625	0	0.988616943359375
78	0.00555419921875	0	0.99444580078125
77	0.0236053466796875	0	0.976394653320313
76	0.127243041992188	0	0.872756958007813
75	0.0534515380859375	0	0.946548461914063
74	0.1102294921875	0	0.8897705078125
73	0	0	1
72	0.0929412841796875	0	0.907058715820313
71	0.0586090087890625	0	0.941390991210938
70	0.03839111328125	0	0.96160888671875
69	0.099273681640625	0	0.900726318359375
68	0.08221435546875	0	0.91778564453125
67	0.038818359375	0	0.961181640625
66	0.04083251953125	0	0.95916748046875
65	0.0798797607421875	0	0.920120239257813
64	0.0747222900390625	0	0.925277709960938
63	0.0082855224609375	0	0.991714477539063
62	0.061920166015625	0	0.938079833984375
61	0.0357513427734375	0	0.964248657226563
60	0.01239013671875	0	0.98760986328125
59	0.280105590820313	0	0.719894409179688
58	0.026123046875	0	0.973876953125
57	0	0	1
56	0.991943359375	0	0.008056640625
55	0	0	1
54	0.43603515625	0	0.56396484375
53	0	0	1
52	0.0578460693359375	0	0.942153930664063
51	0.706756591796875	0	0.293243408203125
50	0.04302978515625	0	0.95697021484375
49	0.11279296875	0	0.88720703125
48	1	0	0
47	0.229843139648438	0	0.770156860351563
46	0.0308685302734375	0	0.969131469726563
45	0.245162963867188	0	0.754837036132813
44	0	0	1
43	0.913436889648438	0	0.0865631103515625
42	0.305511474609375	0	0.694488525390625
41	0.088897705078125	0	0.911102294921875
40	0.00067138671875	0	0.99932861328125
39	0.0381317138671875	0	0.961868286132813
38	0	0	1
37	0.0399169921875	0	0.9600830078125
36	0.08123779296875	0	0.91876220703125
35	0.27203369140625	0	0.72796630859375
34	0.5	0	0.5
33	1	0	0
32	0	0	1
31	0.0350189208984375	0	0.964981079101563
30	1	0	0
29	0.999755859375	0	0.000244140625
28	1	0	0
27	0.0601043701171875	0	0.939895629882813
26	1	0	0
25	0.99981689453125	0	0.00018310546875
24	0.0244903564453125	0	0.975509643554688
23	0.278213500976563	0	0.721786499023438
22	1	0	0
21	1	0	0
20	0.695022583007813	0	0.304977416992188
19	1	0	0
18	0.59228515625	0	0.40771484375
17	0	0	1
16	0.99151611328125	0	0.00848388671875
15	0.674331665039063	0	0.325668334960938
14	0.055511474609375	0	0.944488525390625
13	0.61865234375	0	0.38134765625
12	0	0	1
11	1	0	0
10	0	1	0
9	0.999984741210938	0	1.52587890625e-05
8	0.05706787109375	0	0.94293212890625
7	1	0	0
6	0.962203979492188	0	0.0377960205078125
5	0.0542755126953125	0	0.945724487304688
4	0	0	1
3	0.601470947265625	0	0.398529052734375
2	0.0051116943359375	0	0.994888305664063
1	0.077728271484375	0	0.922271728515625
0	0	1	0