[31689446]
[31689447]
[31689448]
[31689449]
[31689450]
[31689451]
[31689452]
[31689453]
[31689454]
[31689455]
[31689456]
[31689457]
[31689458]
[31689459]
[31689460]
[31689461]
[31689462]
[31689463]
[31689464]
[31689465]
[31689466]
[31689467]
[31689468]
[31689469]
[31689470]
[31689471]
[31689472]
[31689473]
[31689475]
[31689476]
[31689477]
[31689478]
[31689479]
[31689480]
[31689481]
[31689482]
[31689483]
[31689484]
[31689485]
[31689486]
[31689487]
[31689488]
[31689489]
[31689490]
[31689491]
[31689492]
[31689493]
[31689494]
[31689495]
[31689496]
[31689497]
[31689498]
[31689499]
[31689500]
[31689501]
[31689502]
[31689503]
[31689504]
[31689505]
[31689506]
[31689507]
[31689508]
[31689509]
[31689510]
[31689511]
[31689512]
[31689513]
[31689514]
[31689515]
[31689516]
[31689517]
[31689518]
[31689519]
[31689520]
[31689521]
[31689522]
[31689523]
[31689524]
[31689525]
[31689526]
[31689527]
[31689528]
[31689529]
[31689530]
[31689531]
[31689532]
[31689533]
[31689534]
[31689535]
[31689536]
[31689543]
[31689545]
[31689547]
[31689548]
[31689549]
[31689550]
[31689552]
[31689553]
[31689554]
[31689555]
