[31288373]
[31288375]
[31288376]
[31288377]
[31288378]
[31288379]
[31288380]
[31288381]
[31288382]
[31288383]
[31288384]
[31288385]
[31288386]
[31288387]
[31288388]
[31288389]
[31288390]
[31288391]
[31288392]
[31288393]
[31288394]
[31288395]
[31288396]
[31288397]
[31288398]
[31288399]
[31288400]
[31288401]
[31288402]
[31288403]
[31288404]
[31288405]
[31288406]
[31288407]
[31288408]
[31288409]
[31288410]
[31288411]
[31288412]
[31288413]
[31288414]
[31288415]
[31288416]
[31288417]
[31288418]
[31288419]
[31288420]
[31288421]
[31288422]
[31288423]
[31288424]
[31288425]
[31288426]
[31288427]
[31288428]
[31288429]
[31288430]
[31288431]
[31288432]
[31288433]
[31288434]
[31288435]
[31288436]
[31288437]
[31288438]
[31288439]
[31288440]
[31288441]
[31288442]
[31288443]
[31288444]
[31288445]
[31288446]
[31288447]
[31288448]
[31288449]
[31288450]
[31288451]
[31288452]
[31288453]
[31288454]
[31288455]
[31288456]
[31288457]
[31288458]
[31288459]
[31288460]
[31288461]
[31288462]
[31288463]
[31288464]
[31288465]
[31288466]
[31288467]
[31288468]
[31288469]
[31288470]
[31288471]
