[31688833]
[31688834]
[31688835]
[31688836]
[31688837]
[31688838]
[31688839]
[31688840]
[31688841]
[31688842]
[31688843]
[31688844]
[31688845]
[31688846]
[31688847]
[31688848]
[31688849]
[31688850]
[31688851]
[31688852]
[31688853]
[31688854]
[31688855]
[31688856]
[31688857]
[31688858]
[31688859]
[31688860]
[31688861]
[31688862]
[31688863]
[31688864]
[31688865]
[31688866]
[31688867]
[31688868]
[31688869]
[31688870]
[31688871]
[31688872]
[31688873]
[31688874]
[31688875]
[31688876]
[31688877]
[31688878]
[31688879]
[31688880]
[31688881]
[31688882]
[31688883]
[31688884]
[31688885]
[31688886]
[31688887]
[31688888]
[31688889]
[31688890]
[31688891]
[31688892]
[31688893]
[31688894]
[31688895]
[31688896]
[31688897]
[31688898]
[31688899]
[31688900]
[31688901]
[31688902]
[31688903]
[31688904]
[31688905]
[31688906]
[31688907]
[31688908]
[31688909]
[31688910]
[31688911]
[31688912]
[31688913]
[31688914]
[31688915]
[31688916]
[31688917]
[31688918]
[31688919]
[31688920]
[31688921]
[31688922]
[31688923]
[31688924]
[31688925]
[31688926]
[31688927]
[31688928]
[31688929]
[31688930]
[31688931]
[31688932]
