[31673142]
[31673143]
[31673144]
[31673145]
[31673146]
[31673147]
[31673148]
[31673149]
[31673150]
[31673151]
[31673152]
[31673153]
[31673154]
[31673155]
[31673156]
[31673157]
[31673158]
[31673159]
[31673160]
[31673161]
[31673162]
[31673163]
[31673164]
[31673166]
[31673167]
[31673168]
[31673169]
[31673170]
[31673171]
[31673172]
[31673173]
[31673174]
[31673175]
[31673176]
[31673177]
[31673178]
[31673179]
[31673180]
[31673181]
[31673182]
[31673183]
[31673184]
[31673185]
[31673186]
[31673187]
[31673188]
[31673189]
[31673190]
[31673191]
[31673192]
[31673193]
[31673194]
[31673195]
[31673196]
[31673197]
[31673198]
[31673199]
[31673200]
[31673201]
[31673202]
[31673203]
[31673204]
[31673205]
[31673206]
[31673207]
[31673208]
[31673209]
[31673210]
[31673211]
[31673212]
[31673213]
[31673215]
[31673216]
[31673217]
[31673218]
[31673219]
[31673220]
[31673221]
[31673222]
[31673223]
[31673224]
[31673225]
[31673226]
[31673227]
[31673228]
[31673229]
[31673230]
[31673231]
[31673232]
[31673233]
[31673234]
[31673236]
[31673237]
[31673238]
[31673239]
[31673240]
[31673241]
[31673242]
[31673243]
[31673244]
