[31700960]
[31700962]
[31700963]
[31700964]
[31700965]
[31700966]
[31700967]
[31700968]
[31700969]
[31700970]
[31700971]
[31700972]
[31700973]
[31700974]
[31700975]
[31700976]
[31700977]
[31700978]
[31700979]
[31700980]
[31700981]
[31700982]
[31700983]
[31700984]
[31700985]
[31700986]
[31700987]
[31700988]
[31700989]
[31700990]
[31700991]
[31700992]
[31700993]
[31700994]
[31700995]
[31700996]
[31700997]
[31700998]
[31700999]
[31701000]
[31701002]
[31701003]
[31701004]
[31701005]
[31701006]
[31701007]
[31701008]
[31701009]
[31701010]
[31701011]
[31701012]
[31701013]
[31701014]
[31701015]
[31701016]
[31701017]
[31701018]
[31701019]
[31701020]
[31701021]
[31701022]
[31701023]
[31701024]
[31701025]
[31701026]
