[31678239]
[31678240]
[31678241]
[31678242]
[31678243]
[31678244]
[31678245]
[31678246]
[31678247]
[31678248]
[31678249]
[31678250]
[31678251]
[31678252]
[31678253]
[31678254]
[31678255]
[31678256]
[31678257]
[31678258]
[31678259]
[31678260]
[31678261]
[31678262]
[31678263]
[31678264]
[31678265]
[31678266]
[31678267]
[31678268]
[31678269]
[31678270]
[31678271]
[31678272]
[31678273]
[31678274]
[31678275]
[31678276]
[31678277]
[31678278]
[31678279]
[31678280]
[31678281]
[31678282]
[31678283]
[31678284]
[31678285]
[31678286]
[31678287]
[31678288]
[31678289]
[31678290]
[31678291]
[31678292]
[31678293]
[31678294]
[31678295]
[31678296]
[31678297]
[31678298]
[31678299]
[31678300]
[31678301]
[31678302]
[31678303]
[31678304]
[31678305]
[31678306]
[31678307]
[31678308]
[31678309]
[31678311]
[31678312]
[31678313]
[31678314]
[31678315]
[31678316]
[31678317]
[31678318]
[31678320]
[31678321]
[31678322]
[31678323]
[31678324]
[31678325]
[31678326]
[31678327]
[31678328]
[31678329]
[31678330]
[31678331]
[31678332]
[31678333]
[31678334]
[31678335]
[31678336]
[31678337]
[31678338]
[31678339]
[31678340]
