#Field:count	sourceIPCount	endUserASN
111142	3	1678
11	2	1853
1181	50	2527
31360	34	3356
269	30	4538
369	7	4565
75108	89	4755
105	14	4800
1	1	6412
29	2	6501
19	1	6621
19	3	6697
152	11	6739
186	25	6939
5	1	7670
2605	1	7687
4	1	7727
742	1	8047
865	20	8220
43	4	8447
4924	135	9245
1052	38	9422
2470	30	10024
5	3	10029
8143	116	11426
35	1	12119
3	1	12158
8	1	12177
21	1	12552
425	88	12735
24	5	12975
3	1	13237
9	1	13682
15	1	13717
7	1	15221
69	1	16229
56	1	16574
308	6	16735
167	1	16746
36	1	17049
124	10	17072
2	1	17073
3	1	17216
1873	337	17470
38064	924	17621
12	1	17645
17	1	17739
20	1	17968
18	12	18004
3	1	21412
1	1	21575
83	2	22438
4	1	23167
39696	2	23349
13745	953	23679
18024	113	24183
22778	1	25181
3	1	25716
11	1	25836
162	1	25929
12	1	25972
86	1	26123
6	1	26421
17476	4	26579
144	1	26615
8	1	27989
39	3	28538
2478	36	28548
144	1	33042
13	2	33132
345	2	33218
35	1	33548
3	1	34245
319	1	35549
12	1	36920
16	1	37053
32	2	37061
6	1	37125
9194	4	37282
19	2	37693
73	3	37919
323	7	37965
11138	2	37999
2340	113	38320
20	1	39577
39	1	42926
1	1	44735
6	1	45158
7561	9	45215
4832	144	45230
333	41	45716
57	12	45727
1273	1	45737
424	9	45758
20	6	45769
11	7	46562
2	1	46864
91	5	48638
15	6	55799
82984	94	56186
3212	6	56294
34	2	59361
79	3	60142
2833	1	60788
15	2	61138
4154	5	62058
12426	57	63927
49	2	63962
7	1	64072
45	4	131464
36	1	132145
1	1	132220
214	1	132240
808	34	132268
2	1	132434
1	1	132932
53	2	133297
11638	14	133399
1510	36	133590
35	1	133712
152	5	133887
4	3	133988
1	1	134161
3	1	134167
6	1	134315
62	4	134375
63	10	134382
18	2	134707
39	4	134860
15	2	135076
81	5	135232
1	1	135346
93	1	135606
2	1	135673
1	1	135691
181	2	136271
300	15	136384
57	12	136556
702	24	136969
19	2	137443
80	12	137554
1	1	137699
66	3	137952
25	1	138022
2	1	138100
1	1	138239
1	1	138311
57	13	138320
246	7	138384
2	1	138394
19	9	138621
373	1	138973
11	1	139296
30	5	139814
68	15	139992
7	1	201958
118	6	201984
24	1	205718
44	1	206170
1011	4	206841
564	1	208406
42	25	262150
4	1	262498
12	3	264857
8	1	265683
23	5	266769
1	1	267594
4	1	267686
3	1	268251
45	2	268899
68	4	269346
3	1	269827
6	1	269905
90	1	395461
322	7	71
4874	4	72
980589	136	122
4	1	220
160	3	490
174	6	494
157	6	703
834	6	721
95	1	786
2513	4	797
51	1	1294
47	5	1464
193	6	2688
136	10	3132
2740009	3	3379
11	1	3602
1080	2	4352
23	1	4473
14	1	4609
30	1	4693
2555	3	4725
2453	18	4770
59	2	4922
1443	29	5384
19	2	5410
28	4	6181
45	1	6223
1	1	6306
18	1	6419
245	13	6799
189	1	7194
189	12	7470
552	45	7552
20	1	7565
618	56	8452
4	1	8983
3	1	9216
1018	2	9509
123	1	9614
21	2	9650
26	4	9657
4480	7	9822
213	9	9824
12	1	9919
6	1	9931
3	1	10273
10	1	10362
6	1	10384
119	7	11342
1821666	2	11520
3	1	11560
986117	1	11685
10	1	11743
10	1	11888
3	1	12559
11	1	12895
1247	1	13570
55	1	14827
17377	1	14957
6	1	15354
277	5	15502
9	1	15659
1365	4	16086
161	1	16371
497	3	16623
1357	4	16713
8	1	17174
1	1	17227
1	1	17356
8642	1	17473
15	2	17727
13	2	17806
1	1	17917
258	1	18108
2	1	18233
25	6	18399
418	1	18666
4	1	18809
14	1	18880
498	1	19551
24	1	19653
9	1	20712
5	3	20928
193	1	21147
1	1	22302
5	1	22562
226	30	23655
36	15	23674
12	5	23752
105	3	23853
4	2	23951
1455	4	23966
3	1	24529
1	1	24631
69678	3	26072
30	1	26375
10	2	28331
33	5	28545
181	6	29465
764	17	30036
18	1	32040
43	1	33953
247	5	35819
4	1	37211
1	1	38147
10	4	38191
1	1	38466
3	2	38771
26	1	38906
23	1	39939
422	4	40526
12	1	41164
145	4	42337
3	2	44244
1631	6	45641
603	28	45820
896	7	46887
43	1	50300
12	1	50780
1	1	51460
7	1	53102
26	1	54755
27	1	55083
2523	16	55410
1884	262	55832
68299	1	55901
1	1	56002
215	24	56044
76	5	58682
6	2	58715
55	4	58800
1438	33	59165
3	1	60268
2	2	63655
249	10	63963
27771	15	131239
4	2	131735
2645	351	132116
101	4	132382
1066	1	132722
6	4	133007
1	1	133244
176	5	133606
1	1	133900
1	1	133997
35	1	134069
98	9	134294
1044	9	134378
27	15	134837
207	3	134878
36	1	134980
1	1	135019
81510	1	135313
14	4	135405
5	3	135407
5	3	135477
16	2	135629
188	10	135725
3	3	135780
68	12	136030
268	15	136199
2	1	136425
1	1	136462
18	1	136552
56	1	136613
102	9	136674
1	1	136745
13	10	137331
1	1	137347
189	7	137412
318	35	137584
1428	1	138035
3	1	138124
2	2	138149
8	2	138298
1	1	138810
15	1	138882
60	4	139378
31	9	139870
6	2	140061
1	1	140843
22	3	140995
8	1	141074
18	7	141745
10	1	141898
1	1	142157
1	1	205917
697	1	205992
4	1	262145
2	2	262813
2	1	263144
67	10	263230
1	1	263558
4	1	264186
1	1	267245
2	1	270098
16	1	1217
15712	3	1299
76108	118	1759
185	2	2665
8	1	2905
66930	7	2907
32	2	3243
2810	28	3352
3698	12	4648
4	1	4811
184968	9410	4837
108	5	5413
623	2	5511
35	4	5610
9	1	6042
52	2	6713
296	48	7303
2	1	7551
85	1	7695
111	7	8053
9	1	8190
19	3	8866
8941	54	9433
1250	37	10796
1032	13	11492
41	2	11676
958	3	11911
170	1	12406
258	15	12430
26	2	12576
7	1	13036
1	1	13167
133	1	13724
3145	25	14259
2608	16	14299
93	1	14363
142	1	16863
10	4	17670
98	1	18271
3581	21	18400
128	1	20294
381	7	20650
1754	1	21054
493	19	21928
15	1	22260
62	1	22411
1	1	23784
63	3	23934
228	5	24005
2019	1	24291
1386	45	24444
24	2	25762
31	9	25820
62	1	25923
69	1	27066
9	1	27087
12	2	27759
5	3	28006
17	2	28080
132	16	28555
3	1	28635
87	2	28669
2159	9	28878
5384	2	29208
75	1	29600
5	2	29802
6	1	29975
506	1	30174
3	1	30848
6	1	31726
1783	14	33915
33	1	34772
14	1	37141
3	1	37353
9	1	37461
103	11	38305
1124	72	38511
356	6	38901
1	1	39501
262	1	40154
7	1	42090
10	1	43372
4070	6	45110
162	3	45179
6	3	45429
217	1	45780
8342	366	45916
1666	48	46023
71278	1	46528
1	1	46997
4	1	48794
1	1	49740
7	1	50010
10	1	50673
2	1	52262
10	1	52336
46	8	52458
20	2	53231
21	1	53317
88	1	53987
6	1	54036
19	3	55430
4350	7	55524
186	7	55715
2	2	56054
15	1	56628
2	2	58551
22	2	58552
85	12	58926
112	42	59332
48	1	59518
1	1	63961
623	19	64073
21	1	131906
6	1	131959
485	13	132770
4374	58	132857
18	1	132941
4	1	132976
6	1	133296
4	1	133443
2414	47	133685
1201	9	133726
623	2	133739
8	1	133872
1	1	134022
1895	22	134220
1	1	134480
4	3	134540
16	3	134630
104	6	134841
9	1	134845
111	2	135386
1652	11	135391
2	1	135797
10	2	135820
9	1	136074
11	4	136119
2	1	136174
23	1	136215
45	1	136287
1	1	136301
246	3	136499
53	2	136886
30	3	137245
1	1	137453
3612	113	138245
78	2	138997
16	2	139013
18	3	139043
12	1	139080
9	7	139786
15	3	139904
49	2	139942
72	1	140181
27	1	140427
1	1	140993
43	2	141155
5	1	141283
3	3	141458
2	1	141863
6	1	198735
14	1	199270
1550	1	200291
2	1	203020
63	1	203877
15	11	204166
1	1	206204
1	1	212460
12	1	264310
4	1	267857
76	3	269738
3	1	394301
625	3	395301
400	4	398704
8	1	1474
11	3	1479
2	1	1483
59	1	1931
438	27	3257
136	11	3573
36	1	4043
4	4	4152
1619	11	4775
100983	789	5432
140	1	6256
12	1	6821
58	1	7296
37062	454	7922
134399	139	9431
2	1	9814
3679	4	10146
9	1	10219
794	1	11734
2693	1	12843
41	2	13649
2895	3	14279
68	6	14398
449	1	14677
139	1	15450
96	1	16391
64673	29	17477
9	2	17480
19	11	17488
7	1	17547
3754	29	17559
848	26	17625
206	2	17802
1	1	17853
844	261	17962
74	4	18021
268	1	18378
60388	1	19452
36	1	19460
876	1	20018
8	2	20258
59	1	20477
121	1	21093
23	1	21272
7	1	23820
68	19	23860
9642	9	23969
1333	2	24012
576	1	24331
4	1	24441
332	2	25512
27	1	26048
180	1	26395
4	1	27205
104	2	27856
63	5	27882
1	1	28126
16	4	28186
33	1	28552
11	2	29614
99	3	30039
290	2	30164
3	1	30600
127	4	30722
10	1	31252
73	4	31898
54	1	32194
3	1	32277
261	1	32307
1	1	32475
1356	1	32805
1058	2	32860
271	1	34774
3616	2	35104
16	1	35981
8	1	36873
105	7	36994
2	1	37130
223	12	37542
6	1	37564
12	1	38256
111818	3	38258
59	13	38264
301	2	38438
1	1	42175
6	1	42525
3	1	42687
17	1	43022
9	1	44435
26589	114	45177
48	29	45669
1954	375	45701
19	1	45763
6	1	47956
12	1	50926
11	5	52361
1	1	54290
814	126	55427
2144	22	55653
38	7	55699
453098	12351	55836
250	1	55994
65	20	56047
44	1	56174
1877	1	56307
1817	6	58519
7168	209	58678
236	7	58717
2	1	58872
553	32	58965
12	1	59185
6	2	61745
157	2	62347
8	1	63263
3	1	63580
220	3	63855
100	8	63932
60	10	131178
516	27	131227
18	7	131267
236	24	132199
193802	92	132203
4684	1	132723
1181	4	132815
1	1	133311
2	1	133455
31406	459	133579
10	1	133936
2	1	134019
5	2	134134
2	1	134524
4	3	134764
10	2	135181
2	1	135387
2	1	135480
487	56	136065
1695	29	136200
1	1	136207
72	5	136255
1161	9	136494
1067	60	136907
11547	18	136975
177	1	137269
8	1	137568
3	1	137586
94	9	137591
43	3	137922
33	4	138079
286	29	138315
1	1	138397
16	1	138504
9	1	138509
20	6	138557
158	9	138649
55	1	139091
38	2	139303
6	1	139504
5	1	139994
1	1	140443
4	1	140469
72	3	140732
6	1	141084
2	1	141410
6	2	141616
7	1	197883
29	1	201205
31	1	201394
3	1	201776
2	1	204834
31	1	209540
11	1	263073
49	3	263151
52	15	264637
6	1	265355
1	1	265550
12	8	266893
8	1	268618
21	2	268942
16	1	269096
3	1	269227
2	1	270868
2	1	270984
9	1	271253
50	3	271903
2	1	327907
24	1	328189
135	1	328453
33	1	328616
60	1	393737
9	1	394513
6	1	394843
163	1	397422
2	1	399277
12	1	559
593127	143	1226
515	6	1257
953	7	2386
154901	1	2894
8656	1	3389
6	1	3412
15373	2	3561
1	1	4007
225	6	4058
12	1	4618
4	1	4657
12587	13	4667
143	5	4764
15204	421	4808
2877	15	4826
13627	4	5400
16	3	7590
238	56	8003
37	1	8147
36	4	8346
7	1	8487
18	1	8953
106021	13	9381
31	4	9443
17	5	9506
3	1	9557
1359	1	9797
1	1	9939
5	1	10000
27566	4	10010
2522	6	10103
4	1	11519
448	4	11845
133335	3	11985
3	1	12414
3	1	13628
9813	3	14537
32	1	14566
9	2	14630
174	5	15557
649	3	15830
12	1	16082
1	1	17539
4	1	17775
12	1	17894
5	1	17948
63	2	17970
67	10	18024
10	1	18190
30	1	18196
74	6	18747
5	1	19881
57	1	21541
154	3	21949
6	1	22566
125	1	22866
326	9	23673
3	2	23953
6	1	24232
12	1	24511
665	2	24539
39	1	25031
8	1	25454
892	2	25562
39	2	26937
15	2	27695
12	1	27742
18	1	28316
116	5	28536
29	1	29231
2	1	29736
309	1	29828
25	8	30873
84	1	31263
10	2	32537
15	2	32564
14	1	33470
3	2	35908
52	1	36317
1	1	36666
24	2	37094
62	7	37105
2	1	37146
2379	91	38026
1	1	38057
165	16	38235
1	1	38363
3	1	38461
17	3	38592
4	2	41008
21	1	42382
9	1	42841
27	1	43905
2004	1	45164
469	4	45249
1	1	45317
40	5	45325
34	14	45498
571	44	45725
1	1	45785
2072	5	45787
477	27	45899
12	1	50251
24	1	50995
44	1	51231
16962	9	51964
6	1	53089
841	28	55406
3304	1	55743
65878	139	55947
1260	95	56040
4547	45	56272
3	1	58385
685	24	58689
99	10	58952
42	1	59499
3	1	59816
5	1	59836
24	7	60068
1	1	61758
6	1	62964
855	37	63526
13	2	63981
453	44	131111
42	2	131284
8	1	131693
1	1	132124
2	1	132148
2	1	132198
34	1	132355
645	30	133234
36	3	133248
23	6	133481
15	1	133623
115	7	133648
8	1	134001
3	1	134237
101	1	134284
5	2	134659
1962	14	135352
22	5	135356
3	3	135420
25	3	135451
61	15	135778
8	2	135872
1	1	136205
1	1	136305
36	1	136803
7	1	137040
1	1	137048
304	16	137088
2	1	137306
137	6	137340
3	2	137549
27937	6	137697
2	1	137785
2	1	139024
3	3	139195
5	1	139588
31	6	140025
6	1	140616
93	11	141184
9	1	141513
31	2	141646
130	1	203209
2	1	206082
1798	1	262570
12	1	263626
14	2	264800
1	1	265950
81	7	266819
30	2	267239
1	1	269659
16	3	269771
6	1	328522
4	1	394990
25	1	395357
1	1	395886
10	1	397476
21	1	397832
462	28	681
12	1	1527
63614	137	1843
17113	4	2510
19	1	3265
440	11	3269
62108	51	3741
63968	2	3902
3	2	4193
327	10	6079
30401	1	6389
95	3	7046
382	1	7359
75	4	7381
48	1	7599
5	2	7602
363612	16	7862
5	1	8228
20	2	8244
54	1	8399
6	1	8619
883	3	8764
15	1	9293
27	22	9329
53	12	9905
3	2	9927
12	1	10084
3	1	10217
210	3	10794
131	8	11650
42	2	12175
152	2	12578
282	1	12708
17	7	13335
8	2	13636
4475	5	13692
155	1	13943
18	2	14201
31766	2	14306
514	6	14615
95	1	16117
1208	1	17076
6956	288	17622
10	5	17976
11142	183	18229
3005	1	18703
272	19	18881
1	1	19165
17	1	19236
38	3	19332
158	9	19429
18	2	19443
4	1	19738
49	1	19754
1135	9	20057
6	1	21570
1	1	21639
5164	1	22177
9	1	22466
166	1	22561
288	4	23068
18	3	23889
181	9	23956
2	1	24023
162	2	24182
14420	2	24218
763	31	24398
7	1	24416
29	1	25771
50	1	26198
279	1	26950
117	1	26989
21	2	27953
1	1	28554
51	1	28723
124	1	29990
12	1	31242
569	1	32035
25	1	32257
6	1	35141
99	10	37611
6	1	37680
8	1	38084
622	57	38712
19	1	40729
90	1	40834
217473	1	41167
123	1	42575
81	1	43207
2	1	44022
31	2	44671
20522	9	45458
174	9	45528
9886	104	45536
1646	77	45766
1	1	45786
948	7	46269
1136	11	47377
9	1	48024
2	1	48898
7	1	53062
2	1	55390
1415	1	55570
2	1	55679
303	2	56017
1364	111	56048
1000	28	56068
825	110	56233
3	2	58590
2880	514	58659
156	3	58906
31	2	59150
18	14	59163
2094	28	59164
15	6	59278
425	4	59322
1033	10	59346
1197	61	59362
8	1	60060
184	1	60257
30	2	60426
4	1	62475
192	6	63493
235	4	64012
107	4	64018
48	6	131198
44053	1	131274
7571	6	131291
6	1	131444
1772	13	131476
483	29	131717
1	1	131785
69	1	132559
32	1	132712
337	1	132720
170	7	132881
4	1	133045
290	6	133075
3	1	133334
4	1	133354
54	6	133954
26	2	134648
9	2	134688
1774	4	135047
2	1	135269
205	24	135478
245	1	135495
40	2	135700
2	1	135834
19	5	136315
136	21	136698
377	11	136716
7376	93	136795
45	1	136993
20	3	137435
8	1	137827
12	10	137854
404	1	137891
4	1	137957
51	3	138024
3	1	138398
1585	1	138468
3	2	138655
1	1	138837
2	1	138874
203	5	139054
1	1	139325
6	2	139409
195	8	139464
1	1	140096
23	3	140499
2	1	140594
26	6	140711
1	1	141054
1	1	141303
45	6	141669
212	2	196778
93	1	197524
1161	1	198425
4	1	200656
6	1	200697
23	1	202455
3	1	205424
9065	2	212562
37	1	263774
4	1	265798
2	1	266732
7	3	266802
1	1	267685
1	1	269308
2	1	328727
6231	1	395533
4	1	361
1121	4	855
25237	1	1449
1	1	1494
87	1	1701
37	5	2119
6161	39	2856
13951	2	3423
22911	1697	4134
11	1	4185
335	7	4750
4	1	5645
4278	109	6128
219	9	6429
156	3	6453
11	1	7328
2751	27	7545
303	7	8167
12	1	8767
14	5	9269
298	17	9304
1	1	9617
5	2	9812
33	1	12037
12	2	12849
4	2	12876
1655	17	13150
58	1	13760
29	1	13807
156	1	14188
92	1	14898
151	1	15121
1	1	15897
4704	9	16347
4	1	16524
1283	7	16629
104	1	16904
17	1	17222
256	5	17350
163	2	17423
7	3	17494
425	2	17766
12	6	17813
369	12	18403
15	1	18822
14	1	19151
7	1	20248
16	1	20278
9	6	20473
14	2	21856
17	3	22047
62	4	22764
3402	61	22773
278	5	23002
2	1	23201
15532	2	23281
85	1	23878
4	3	23888
59	18	24203
190	5	25472
4589	3	25753
1	1	26801
148	1	27216
194	1	27651
1	1	28183
4	1	28260
8	1	28368
234	17	28556
32	2	29467
25	1	29487
3	1	29492
288	1	29571
133	1	31122
1	1	31549
4	1	31965
16385	1	32099
229	4	33964
3	1	35289
1	1	35699
279	1	36393
7	2	37100
7	2	38478
57	10	38500
2648	27	38529
20	1	40285
232	1	40523
16	4	40676
21	1	41105
370	1	41176
6	1	42115
40	3	42313
24	3	42772
2	1	45061
1703	17	45090
7	6	45245
1308	1	45491
4	1	46208
4	1	46475
1	1	47172
83	30	47331
126	1	47474
13	1	47589
14	1	48359
9	1	49800
34	2	50266
29	1	51038
57	2	53008
32	2	53158
23	2	53162
23561	1	55157
4	1	55847
8765	275	55862
17	4	58461
937	3	58466
957	78	58610
12	3	58826
4	1	58940
464	104	59340
225	1	62839
1	1	62904
3	2	63023
79	6	131090
2	2	131596
749	14	132007
3	1	132143
9	1	132279
9	1	132295
3	2	132298
22	2	132480
85	27	132669
201	5	132686
260	34	132960
167	6	133111
52	9	133275
1	1	133360
235	7	133720
3258	10	134244
26	8	134331
2	1	134419
13	1	134756
2253	1	134763
1	1	135311
256	1	135328
15	1	135433
56	2	135654
1	1	135692
3	1	135964
4	1	136039
1	1	136336
3	1	136651
1	1	136865
9	1	137107
1	1	137292
2	1	137316
18	1	137572
74	16	137689
12	3	137883
106	2	138163
4	1	138167
5	1	138362
17	1	138716
1	1	138768
4	2	138841
149	2	139375
1	1	139972
5	2	140226
4	2	140321
29	2	140545
37	5	140900
12	1	141642
5	2	141674
35	1	199849
20	1	199942
13	4	202699
52	1	206206
2	1	208341
48	10	208677
1	1	262159
71	4	262210
67	2	262814
55	5	262916
3	1	263327
17	2	264556
7	1	265050
15	1	265668
5	1	269795
14	4	270070
32	10	270340
6	1	328469
2	1	396301
4	1	398844
6518	3	125
3136	133	701
82	3	803
18	1	1213
1	1	1506
1209	18	2611
21	2	3067
5235	44	3215
9	1	3300
508	1	3923
1	1	4237
3	1	5483
22606	2	5488
7	1	6300
2865	124	6848
238	2	7049
12	1	7057
464	9	7474
124	3	7575
1	1	7684
148	1	7792
120	4	8193
15	2	8374
27	1	8468
507	1	8530
8	5	8560
3	1	9044
119	4	9105
1	1	9231
13	2	9238
3934	151	9299
6	1	9605
485	6	9658
224	123	9785
419	101	9829
11	2	9833
496	78	9873
9	1	10837
39	4	10991
56	1	11635
2589	8	12741
111	2	14010
353	1	14955
6	1	14964
1595	1	15225
352	1	15707
85	1	15806
573	2	16050
15	6	16276
12	1	16604
1171	1	16641
210966	1370	17506
1	1	17511
457	28	17638
142	7	17665
1	1	18022
3	1	18116
42	1	18126
136	1	18719
63	1	19180
2098	8	19739
105	4	21050
6	1	21439
4	1	21509
7	1	21678
1	1	21826
1098593	74	22616
2253	1	23550
2	1	23807
33	2	23901
71415	4	24318
645	88	24400
175	25	24550
1972	261	25136
186	1	26133
51	1	27026
351	25	27947
89	5	27951
47	5	28530
116	5	28586
13	3	28623
122	3	30027
39	1	31126
2	1	31890
4	1	33556
13	1	34244
515	36	34984
2	1	34985
11	1	35110
13	1	36524
3	1	36715
1	1	36914
140	2	37492
24	1	37665
30	3	38210
1188	2	38370
796	12	38437
1	1	38614
1	1	38744
12	1	39216
18	1	39402
6	1	40492
159	2	43797
4	1	43959
20	1	44776
2	1	44944
45	3	45079
30	3	45289
2	1	45510
5431	14	46313
108	1	46353
9	1	47253
31	1	47599
775	1	48744
6	2	49392
412	5	49816
87	2	50734
12	1	50825
1	1	50998
37	2	51074
45	1	51178
156	2	52586
127	1	53508
1029911	4	54478
3	1	54614
2	1	55423
318	8	55555
6123	2	55567
774	6	55649
3	2	55769
2	2	56101
1	1	56260
16	1	56329
15	1	57795
15932	1094	58369
7269	23	58376
379	27	58558
24	1	60829
609	1	62915
42	1	63935
1	1	63996
4095	20	64095
1	1	131179
124	2	131262
152	4	131296
2	1	131477
16	4	131755
965	6	132023
5842	114	132255
13311	2	132576
120	20	132744
5601	9	132787
1023	3	133101
19	12	133287
1	1	133300
144	3	133578
5	2	133696
12	2	133817
1	1	133841
1	1	134021
22	3	134271
141	9	134429
10	2	134520
1488	183	134773
572	107	134866
1	1	134913
2	1	134922
1	1	135071
156	16	135182
336	1	135358
646	19	135464
1450	2	135513
4	1	135726
1	1	135776
4	1	135777
671	23	135817
1	1	135855
5	3	136121
18	1	136239
16	4	137298
1	1	137425
46	7	138089
126	7	138346
14	6	138482
1	1	138492
397	38	138536
5	1	138903
8	1	138950
4331	1	139050
1	1	140045
13	4	140080
35	1	140097
4	2	140162
11	1	140384
85	1	140840
9	1	140847
3	1	141167
17	2	141322
72	20	141326
32	1	141532
20	2	201874
22	3	202116
41	1	205400
1	1	206798
29	1	209799
18	4	263703
117	2	264159
68	2	264360
2	1	264605
6	2	265540
3	1	265612
12	1	266069
16	1	266260
109	2	266830
32	1	270703
4	1	327950
1	1	328250
3219	1	394974
35	1	395137
108	1	396292
2	1	83
12710	110	209
1382209	276	297
3	2	383
2	1	1600
18012	6	2514
8381	59	2516
1357	49	3320
555	6	3491
164	2	3737
5982	15	4049
4	1	4318
231958	399	4812
26	1	5377
2935	18	6619
220	12	7418
2351	725	7713
1	1	7754
466	2	8903
377	11	8968
247	15	9260
2	2	9387
5502763	5	9619
81	1	9842
199	4	9911
17	1	9924
220923	357	9929
427	2	10032
78	1	10204
1	1	10461
307413	8	10967
57	2	11367
192	2	11419
19	3	11830
10	1	12025
3	1	12153
10	2	13213
338	4	13576
1	1	13611
6	1	13654
6	1	13684
142	11	14117
1	1	14373
616249	5	14762
4	1	15695
59	3	16525
1822	29	16591
46	2	17306
237	1	17310
116	2	17377
6	1	17378
167	8	17436
2	1	17666
4	2	17858
2298	32	18015
54	19	18209
6659	2	18539
9425	6	18734
22	1	19614
108	1	20161
6	1	20165
98	14	21433
4110	41	22394
191	4	22652
13	1	23910
119	7	23944
185	1	24118
206	33	24389
939	15	24835
254	3	24863
9	2	26599
3	1	27729
4	1	27895
20	19	27926
3	1	28292
15	3	28509
3	1	29577
11	2	29695
90	2	30466
19073	1	30610
3	1	31027
51	1	31816
1114	1	32067
14	2	32242
2	1	32780
20	1	33064
274	2	36534
9	2	37119
6	1	37140
68	2	37204
26	3	37340
3	1	37546
10	1	38522
193	4	38524
93	4	38875
63	2	42160
4	1	42610
3	1	43940
149	2	45062
497	36	45305
148184	1	45442
480	2	45558
58	5	45661
4	1	45903
56	1	46616
1	1	46844
9	1	48423
14	2	48832
26	1	51060
31	1	51068
59	2	52280
129	19	52363
5098	347	52958
42	1	53903
1	1	54936
89	4	55391
832	96	55814
1	1	55824
20786	303	56268
47	5	57743
33	2	58322
45	11	58895
623	20	58966
108504	1	59109
36	13	59167
24	2	59273
46	4	59365
5	2	61452
126	5	63957
9	1	131190
2	2	131743
89	3	132027
171	2	132245
1268	2	132397
25	1	132442
5121	37	132449
8778	70	132556
133	3	132768
3	1	133013
84	3	133096
1	1	133228
1	1	133301
576	52	133480
270	5	133556
31	1	133811
1117	2	133920
23	3	133945
2	2	134341
220	1	134714
19	1	134884
4	1	135373
1	1	136416
217	7	136463
1	1	136861
109	30	136873
1	1	136879
16	1	137138
1	1	137166
1	1	137522
1	1	137648
46	10	138313
6	2	138606
1	1	138862
13	2	138974
1	1	139004
61	6	139310
12	2	139340
9	2	139351
8	4	139428
32	2	139490
13	3	139601
2	1	139622
3	3	139825
15	1	139906
7	3	140312
6	1	140680
2	1	141128
13	12	141386
10	10	197207
27	1	200748
4	1	201738
2	1	203554
4	3	205110
588	89	209007
8	1	262468
3	1	263030
2	2	263689
1	1	264704
34	2	265828
10	3	269931
10	4	270331
2	1	271880
233	6	328244
21	1	397803
4	1	1498
1391	2	2134
1	1	2152
15	1	2695
5	1	2860
6	1	3216
36	10	3816
1	1	3949
2	1	4597
41138	1	4680
7378	184	4771
1	1	4785
31	3	6057
6395	11	6461
51	1	6849
1290	13	7738
12	1	8015
3181	168	8151
3	1	8445
1	1	8612
378	20	8708
277	2	9809
6	2	9830
6245	4	9989
15326	6	10753
51	1	11138
418	5	11272
1272	28	11427
5	1	11733
2	1	11829
2460	3	12322
30	1	12337
2026	1	12666
4	1	13782
19	1	14561
119	8	14754
73	2	15491
21	2	15533
2299	2	16074
7	2	16194
28	7	17469
381	13	17639
6	2	17648
113	3	17964
634	10	18119
1	1	18239
29	1	18872
3	1	19009
21754	1	20141
24	2	20771
49	1	21127
1	1	21513
62	5	21783
33	1	22381
21	1	22899
10	1	23125
3747	1	23916
1552	43	23991
9848	238	24323
11757	81	24516
86	1	24645
34	1	24677
1	1	25369
4	1	25400
4	1	25649
168	3	25951
15	1	26425
4	1	27400
12	1	27839
4	1	27911
2	1	28048
27	2	28196
50	1	28284
107	11	28523
3	1	29259
3	1	29909
1	1	36866
123	1	37150
5	1	37451
1	1	38315
5253	1	38319
14	2	38803
14	1	38819
2	1	38834
67	2	39651
9	1	40817
3	1	42303
30	2	42845
2	1	43754
24	1	44407
1	1	45153
5	2	45224
35	27	45271
2	1	45350
2	1	45607
495	300	45609
8963	1255	45804
1	1	46044
316	3	46163
244	2	46186
425	1	47364
7	3	51407
6	1	53804
11	2	55636
168943	1015	55850
594314	6	56043
71	3	58397
344	10	58411
327	27	58482
2	1	58693
23	6	58821
5	5	58834
3	1	59151
9795	1	59717
1207	2	62929
69	1	63052
631	1	63199
4	1	63852
110	8	64063
1	1	64074
43	4	64315
28	4	131287
3	1	131324
1	1	131445
2	1	131627
1301	2	131893
1	1	132061
1	1	132763
29	1	132882
2640	69	132996
6	2	133006
32	5	133187
47	1	133255
3649	137	133676
11	2	133782
57	21	133982
253	3	134036
5022	4	134141
1	1	134177
945	35	134552
3	1	134715
193	3	134739
12	1	134861
374	3	135132
1	1	135244
58	16	135712
7	1	136092
97	3	136434
42	4	136480
38	5	136646
1	1	136841
22	3	137221
1	1	137519
15	1	137996
7	1	138083
5344	29	138189
77	18	138220
11	1	138321
11	4	138843
6	2	139088
25	6	139667
4	2	139817
32	1	139832
9	2	140481
10	2	140957
24	2	141053
3	2	141065
1	1	205473
10	4	206092
100	2	206509
9	2	262191
6	1	262833
11	3	262854
1	1	262875
39	1	263432
22	1	264486
6	5	264825
1	1	265632
1	1	266181
9	1	328125
75	3	328319
6	1	328676
11	1	394451
58	1	395624
8	1	396173
41	2	398053
4527	1	81
91	3	109
3386	7	702
6	1	820
54	5	1136
10573	4	2519
295	5	2686
3048	9	3301
2	2	3382
4	1	3663
425	7	4181
549100	49	4713
302	48	4761
16	1	5056
159	3	5466
115	1	6077
144	1	6576
6	1	7011
1595	5	7468
7	5	7633
18	3	7642
2	1	8103
1	1	8549
69	1	8640
3612	25	9121
18	2	9155
7067	11	9268
135	5	9365
260	1	9466
201	7	9902
97355	29	10022
2	2	10075
62	2	11245
4	1	11260
183	1	11686
1	1	12089
3303	1	12455
135	7	12479
1577	5	12942
40	1	13037
7	1	13325
1248	6	14051
9889	51	15169
363	7	15247
5	1	15435
1	1	15790
30	4	16135
14	1	16397
17	1	16399
2183	110	16509
30	2	16868
9097	38	17676
810	14	17762
9	1	17819
2867	13	17882
163	1	17887
17	16	18001
1	1	18051
1233	63	18159
3	1	18690
196	1	19809
65	2	21339
354070	6	22252
2730094	2	22703
263	81	23693
56906	40	23838
25667	1743	24139
6	1	24482
1	1	24940
20	1	26210
16	1	26292
1782	15	27843
804	91	27901
2	1	28329
5	2	28343
4	1	29256
184	2	31655
5	1	32798
36972	14	33363
3	1	33615
106	19	33771
65	1	34660
11	1	34820
6	1	35612
42	1	37009
9	1	37069
16	3	37148
77	3	37358
2	1	38001
7	2	38071
2	1	38150
516	45	38330
164	15	38566
5151	39	38794
16	5	39010
1114	1	39768
3	2	40065
17829	392	45102
1	1	45143
1923	87	45326
1146	1	46118
3	1	50158
100	1	50628
38	1	51043
249	1	51200
21	1	51223
136	3	51343
12	2	51561
6	1	52228
7	2	52965
3	1	53005
49	14	55577
2659	4	55785
2	1	55872
134	11	56242
9	1	56300
9	1	57764
10	1	58444
3898	5	58511
755	14	58640
24	1	58762
103	2	58963
5	1	61461
28	10	61911
118651	4	64096
55885	421	131207
4	2	131285
12	1	131459
4660	31	132347
608	4	132923
10	1	133278
1	1	133327
1230	32	133451
41	1	133674
30178	416	134033
2264	1	134081
230	1	134202
1988	12	134359
559	13	134676
18	1	134869
3	3	135031
54	5	135206
422	1	135307
536	2	135607
1	1	135637
194	23	136322
6	2	136800
5	1	137101
103	1	137268
14	5	137329
650	31	137409
474	32	137580
5	1	137672
1	1	138183
28	3	138197
5	2	138443
11	3	138871
849	1	139306
100	4	139423
15	2	139711
219	1	140144
4	2	140405
5	1	140464
26	3	140546
2	2	141248
5	1	141799
4	2	141917
131	8	197897
4	1	199233
51	1	199298
1	1	202422
3	1	203217
4	1	206262
107	25	262186
3	1	262248
24	1	262777
20	3	263310
3	2	270062
3	1	327901
28	1	328331
1	1	393459
185943	2	395198
2	1	395228
78	2	3
86	8	174
40821	139	1221
7649	5	1239
14	2	1500
4	1	1563
333	1	1651
14	1	1901
639303	24	2497
13	1	2828
646	25	3209
55	17	4760
10484	138	4847
2736	15	6167
15	1	6661
12	1	7403
19	7	8100
87	3	8437
69	32	9009
27	7	9031
1	1	9158
3	3	9288
2530	1	9536
18	1	9848
28659	242	9876
405	10	10429
590	2	10455
12	1	11174
278	3	11179
4065	1	11540
3	1	12102
931	7	12252
35	7	12389
42	1	12399
206	14	12874
163	3	13119
35	2	14109
170	1	14948
15	1	15089
101	6	16019
48	1	16032
470	3	16326
3003	1	16966
8	4	17747
1	1	17811
3	1	18115
18	3	19182
9	1	19600
3	2	20868
6	1	20912
3	1	21019
211	1	21571
4	1	21782
304	1	21817
36483	4	23148
57	1	23666
31	10	23923
723	2	24192
274	1	24395
2	2	24476
79	9	24481
152	64	24560
38	2	25252
33	1	25417
3	1	25428
8	1	25983
129411	2	26554
11	1	26619
19	1	26919
39	3	27988
7	3	28114
4	2	28118
3	1	28201
6	1	28239
1	1	28624
34	1	29016
13	1	29684
4	1	29744
2	1	30513
96	2	31747
17	1	31869
10	1	31875
17071	236	33588
1836	1	33680
36	3	36903
3	1	37002
4	1	37123
1	1	37440
23	5	37645
5	1	38573
27	4	38750
1	1	38753
1	1	38755
4	1	38778
1	1	38851
11	2	39811
125	1	43065
9	2	43766
5373	91	45117
1	1	45138
51	4	45284
25	1	45677
3775	355	45775
12	1	45924
124	4	46375
17	1	46449
6	1	46971
1	1	50810
1	1	55366
491	43	55666
8	1	55698
48	5	55960
1057	9	56030
10	2	58065
1694	459	58224
5026	2	58453
12	4	58524
1428	29	58736
2	1	58893
155	1	63483
183	29	63859
1	1	63872
70	2	63920
97	9	64029
217	60	64037
2	1	132152
229	3	132167
50	1	132585
4	3	132637
2	1	132965
64	1	133055
7	2	133082
5915	4	133090
3	1	133270
11	5	133633
4	3	134043
28	1	134264
150	13	134437
91	17	134543
1	1	134674
29636	25	134762
89	8	134775
31	5	134840
330	4	135023
28	2	135722
1	1	136009
3	1	136024
2	1	136078
147	14	136292
1	1	136345
12	1	136492
1	1	136514
3	1	136582
23	1	137110
1734	12	137267
13	1	137505
1381	3	138421
3	1	138578
3	1	138915
107	2	139020
1	1	139943
94	12	140310
57	7	141078
5	2	141262
56	9	141522
23	5	197638
6	1	199010
1	1	200284
24	1	201211
6	1	204390
10	1	208473
1	1	209181
9	1	210162
30	1	211357
3	1	262201
6	2	262296
63	3	263793
21	8	264571
8	2	264628
4	1	265485
33	3	265739
7	2	265855
4	1	266409
1	1	266983
10	1	267638
52	2	269920
6	3	270433
31	1	327750
60	1	328237
9	1	328364
1	1	328581
30	1	328659
31	2	393415
3	1	393529
2	1	394984
349	6	2
5	1	206
150	26	385
30	2	665
2606	5	719
10	1	1241
1234	9	1273
81	1	1423
59	2	1541
144	2	1747
353	2	2116
27687	9	2687
132	7	4637
1200	21	4766
684	22	4768
2964	2	5606
126	1	6224
6	1	6233
107	1	6296
1774	11	6327
212	9	6830
78	2	8412
414	10	8473
488	17	8551
203	47	9341
7481	86	9498
31	14	9541
11	1	9823
120	2	10212
7	1	10921
848	1	12128
1	1	12129
207	2	12361
308	2	12566
3	1	12714
145	1	12826
93	1	13110
25126	1	13205
121	1	14365
59	2	14862
63542	1	15215
17	1	16588
540	11	16960
141	7	17483
5	3	17501
3	1	17586
6583	320	17623
3505	1	17792
2	1	18059
6	1	18382
140	2	18530
8	1	18708
103	2	18933
6	1	19037
3	1	19254
4	1	19366
434	1	19801
132	3	20055
583065	10	22460
1	1	22527
243	1	22608
53	8	22724
46	1	23138
1877	6	23404
36	6	24122
1672	107	24342
10	1	24435
232	45	24445
5238	554	24499
21	1	25003
19807	4	25180
276	1	26271
10	1	27047
108	2	28165
6	3	28753
1	1	29782
125	1	29894
67	1	30087
12	1	30337
8	3	30437
77	1	30710
3	1	30764
30	1	32212
124	1	33353
3	1	33651
4	1	34086
62	1	35033
419	2	36012
3	1	36291
12	2	37284
13	2	37315
16	1	38195
53	11	38623
1	1	38742
3	1	39648
12	2	39891
59	12	41564
2	2	45194
2	1	45365
13	4	45588
230	1	45620
3298	83	45637
1235	53	45671
22	9	45773
45	4	45905
13	1	47984
6	1	49117
1298	1	50432
8	1	51337
331	17	55330
603	30	55693
2	1	55860
13	1	55996
6825	8	56028
35	1	58485
40	1	58505
112	10	58593
1	1	58656
17	4	59155
21	1	60876
9	1	64307
3	1	131322
20	7	132165
10	4	132692
26	1	132829
14611	2	133370
85	1	133506
32	1	133706
1074	37	133878
15	1	134090
2	2	134180
1659	8	134254
23	2	134301
137	11	134316
39	8	134810
36	1	135446
1	1	135795
100	5	136103
123	7	136190
18	1	136224
20	1	136479
2	2	136654
605	62	136823
361	36	136885
12	1	136958
21	1	136965
6	1	137085
1	1	137263
2	2	137449
231	1	137495
2	1	137525
2	1	137526
2	1	137562
2	1	137678
36	1	137816
2	1	137872
89	7	137889
28	4	138109
31	5	138127
1	1	138231
1	1	138481
93	11	138529
53	8	138701
3	1	139266
2	1	139604
1	1	139628
93	9	140242
258	5	140317
692	52	141015
4	1	141480
30	3	141638
5	1	141771
59	14	141893
305	7	199276
4	1	199706
2	1	201204
21	1	203735
4745	7	205272
7	1	210116
266	6	262906
193	3	264835
14	1	265843
34	6	266115
8	1	266336
1	1	266666
3	1	268546
2	1	269062
1	1	269190
29	2	270049
8	1	327708
4	1	328140
3	1	328582
19	2	395592
198	1	397635
16	3	637
3	1	1477
2	1	1790
8	3	2914
14	3	3456
316	11	3786
205	1	4015
38	3	4739
338	31	4788
853	7	4795
10610	32	4809
10874	8	4816
2	2	4868
347	3	4983
2	1	5078
1391	20	5089
3856	5	5588
32	1	5704
65	18	6568
53	2	6871
4	1	7506
266	1	7988
6	2	8426
3	1	9051
28	4	9230
17288	52	9303
9	1	9310
3	2	9312
713	1	9394
63	9	9583
21	2	9821
10	1	9893
90	2	10264
31	1	10370
715	10	11404
14	1	12203
17	7	12392
16	2	13954
197	33	14061
1	1	14381
39	2	14868
318	1	15343
40	8	15802
282	3	16504
87	1	17210
5	1	17223
164	1	17293
8	1	17421
281	81	17451
54252	5	17673
55260	361	17705
1934	13	17903
401	1	17971
8030	436	18002
536	5	18101
205	16	18103
40	1	18191
1093	1	18862
1049	13	19108
2387	1	19855
3619	30	20001
15	2	21574
124	16	24186
114	1	24459
98	18	24523
327	49	24532
1540	76	24556
29	1	25830
10	2	26617
44	2	27046
23	1	28220
153	3	28438
14	3	28885
9	1	29255
130	1	29644
12	1	30526
5	1	30689
4	1	31042
2	1	32023
1242	2	32851
4	1	33252
616	11	33383
1	1	34356
170	1	34536
9	1	35911
2	1	35916
8	2	36502
41	4	36907
2550	1	37005
78	2	37184
42	5	38174
2	2	38496
3	1	38506
2	1	38793
16	1	38896
25	6	41378
135	2	42864
49618	1	43417
20	2	44034
6	1	44786
436104	267	45267
216	8	45582
117	1	46231
555	1	49628
127	1	50857
35	2	51313
17	1	52233
186	6	52916
209	1	53828
22	1	54665
752	69	55341
204	16	55352
4	1	55392
1	1	55492
107	1	55644
19	6	55685
284	5	55702
26	4	55714
853	4	55766
10	4	56167
2	2	56309
4	1	56665
10	1	58421
121	6	58594
294	3	58664
3705	25	58666
526	30	58768
91	4	58945
1	1	60592
1083	23	63888
65	6	63930
85	40	63949
9	2	64053
8	5	64300
13	2	131265
763	16	131303
178	2	132130
1	1	132453
4	3	132525
43	6	133331
1	1	133495
6716	327	133647
389	12	133736
111	1	133881
71	3	133894
75	18	134116
1	1	134146
62	1	134334
4	1	134621
54206	69	135069
646	1	135127
114	1	135332
3	2	135449
1	1	135628
3	1	135782
2	1	136283
130	17	136557
12	1	137159
6	1	137611
298	16	138014
12	3	138123
8	5	139223
36	1	139275
3	1	139651
30	2	139854
7	4	140407
1	1	141892
4	1	198206
42	1	198874
1118	1	199335
9	1	202354
36	4	202561
43	3	202940
27	2	205080
141	19	206119
28	1	262197
1	1	262259
253	65	264668
61	2	265643
21	4	266705
13	1	270938
1	1	270989
89	1	328708
2	1	393436
37	1	396000
23	1	396941
193	1	202
138536	505	270
1273	36	577
36	5	1503
16	1	2161
20	1	2280
16763	1	2539
49	1	3084
33	10	3302
20	3	3329
9	2	3614
267	1	3853
270	1	4010
4429	15	4230
2	1	4859
132	1	5602
69886	2	5635
201	9	5769
36	2	5774
378	7	5972
2492933	8	6253
2	1	6254
100	2	6979
3202	30	7029
3571	2	7116
56	1	7224
127	5	7679
19	12	8048
199	1	8201
19331	1	8315
27	3	8422
9	3	8881
45	1	9116
17	1	9484
1009	7	9503
42	2	9723
308	84	9790
546	44	9832
22592	1361	10013
11	2	10082
9745	6	10143
1	1	11432
72	2	11892
27	1	11992
8	1	13009
203	8	13489
6	1	13789
262	2	14230
28	1	14291
113023	10	14618
3	1	15108
5	2	15311
3	1	16438
60	3	16814
1099	1	16886
2	1	16967
31543	19	17390
6	1	17400
5543	31	17492
361	10	17552
3	1	17617
428	1	18182
291	13	18230
18	1	19622
4	1	20116
63	1	20255
99	1	20295
329	11	21724
1	1	23316
22	2	23678
3	1	23793
247	5	24068
1789	1	24327
365	10	24492
218	22	24547
131	1	24558
29	2	24757
54	1	25081
3	1	25255
1602	4	25387
60	1	26034
158	2	26793
1097	1	27149
1	1	27932
84	4	28032
86	11	28573
14	1	28657
632	2	28729
65	1	32289
6	1	33478
87094	11	33930
319	1	34779
117	5	36937
13	1	37122
14892	1	38140
2	1	38193
141	2	38197
47	11	38203
1924	13	38477
23	2	38769
8	1	39228
1	1	42003
91	3	42943
6	1	43909
19	2	44395
1	1	45184
5	2	45264
2	1	45294
713	13	45316
11	1	45417
76	1	45445
16	1	45950
12	1	46192
746078	2	46564
4	1	48595
2	2	49981
32	1	50463
233	29	50710
6	3	51430
12	1	51590
27	1	52286
209	20	52468
69139	7	53766
10	1	54559
6	2	54574
31967	193	55561
74	1	55857
2	1	55933
1	1	56259
732	11	58423
83	7	58504
117	2	58624
32	2	61135
205	1	62753
85	1	131232
9	5	132447
4	2	132497
5403	4	133393
14563	87	133524
1	1	133711
461	1	133870
2117	12	133928
3742	54	134772
68	8	134967
1	1	135115
220	31	135201
146	1	135288
1	1	135517
1	1	135735
4	2	136052
2	1	136141
746	3	136177
273	17	136639
1	1	136688
29	2	136946
1	1	137033
6	3	137540
50	1	137666
11	2	138059
16	2	138499
25	1	139446
1	1	139708
12	5	139989
94	9	140018
16	6	140308
3	1	140313
23	7	140316
204	6	140607
90	6	141105
1	1	141309
2	1	198184
8	2	202384
19	1	202819
1	1	204170
7702	1	204256
180	1	204642
57	2	208821
80	11	212337
213	14	262253
16	1	265913
5	4	266761
8	1	266809
6	2	268494
40	2	269351
3	1	328471
7	2	399
907	11	852
13	1	1313
1450	5	1341
2	1	1710
1	1	1761
1966	1	2013
14	1	2764
17732	66	3549
1	1	3661
382	1	4454
29560	24	4515
11	4	4694
53	8	4773
319	5	5713
3966	288	6147
220	49	6400
7	1	6407
78	17	6471
4	1	6660
79	12	6805
98	5	6866
78921	266	7018
11	1	7616
24	2	8359
87	3	8368
13	2	8717
42	2	8821
11	5	9340
793	14	9930
90	1	10695
21988	7	10879
6262	10	11172
242	2	11232
2	1	11340
117	3	11776
526	10	12083
215	7	12271
104	3	12400
9	1	12611
1	1	12663
11	3	14080
20	1	14988
66	2	15997
146	2	16168
14	1	16342
464	2	16685
163	2	17145
34	1	17301
15	7	17439
75	38	17557
847	17	17754
6620	355	17816
2	1	18033
99	1	18187
350	5	18206
6	2	19137
15	1	19161
78	1	19605
4	1	19806
2	1	20021
10	1	20296
272	2	21369
1	1	21887
7	1	22283
262	12	22284
305	26	22884
62	11	22927
16	1	23255
23	1	23503
34	3	23930
2748	93	23955
2	1	23976
108	2	24154
158	3	24173
148	10	24324
1522	242	24432
442	1	25039
508	5	25899
6	1	25932
31	1	26190
7	1	26592
35	1	26827
82	1	27425
16	1	27510
1	1	27738
2	1	27792
51	1	28668
1	1	30259
127	1	30356
93	1	30372
55259	10	30844
940	3	32413
4194	2	33662
86	1	34697
3	1	35913
50	1	36243
1310	11	36351
72	1	36813
4	1	37182
88	18	38019
6278	9	38022
116	72	38266
1464	2	38294
24738	2	38473
646	1	38582
453	30	38758
4	1	43529
18	2	43561
4	1	43976
2362	28	45410
32	7	45433
460	1	45518
4	2	45635
1	1	45845
2	2	46573
360	1	46849
936	2	51100
400	28	55501
7	3	56239
1	1	57269
1	1	58073
2	2	58404
37	5	58424
70	3	58907
27810	956	58969
33	2	59139
41	16	59257
1	1	59547
16	1	59807
12	2	62336
20	1	62642
63	1	63222
2	1	63959
36	4	63969
1	1	64113
1	1	131293
2	1	131337
8	1	131711
386	35	131749
3	1	132587
100	4	132615
4	1	132730
2	2	132774
3	1	132974
646	1	133108
3	1	133115
1	1	133237
49	3	133610
66	1	133612
20	1	133844
56	12	133854
81	3	134061
348	18	134329
5	1	134562
3	3	134732
2	1	134926
37180	2	135154
1	1	135242
22	2	135300
95	10	135339
175	4	135555
31	2	135572
48	1	136216
327	34	136719
38	2	137034
4	1	137885
18	1	137888
10	2	138084
11	3	138694
428	18	138823
1	1	139872
69	1	140424
778	51	140726
3	1	141185
44	6	141315
1	1	141423
4	2	141461
126	9	141474
98	1	141858
71	1	199652
36	1	201154
3	1	202652
275	2	202713
619	2	205409
2	1	262503
1	1	262740
15	1	263250
2	2	263321
1	1	263671
4	1	264387
162	2	264764
1	1	264774
51	3	265605
25	9	265729
7	1	266621
1	1	266989
2	1	267308
4	1	269183
7	6	271798
59	2	393846
45	8	396253
208985	176	396982
7	1	647
199	6	1680
35	2	2518
930	1	2538
33	5	3303
180	10	3758
1	1	3999
1843	1	4046
70	4	4685
4	1	4797
55	4	4804
933	4	5416
5	1	5578
174	1	7098
149	4	7106
579	5	7358
24	1	8361
178	4	8400
3	1	8542
16	1	8781
125	1	9021
34	3	9370
989	18	9534
5	1	10094
473	3	10838
36	5	11014
29948	2	11309
29	1	11486
45	5	11664
234	1	12009
12	1	12231
48	2	12310
3600	1	12422
102	1	13693
136	14	13999
51	3	14178
3	1	14609
153	6	15399
151	2	15525
1	1	15704
83	3	17054
14	2	17147
48	1	17229
51	2	17386
3	1	17430
20313	721	17465
228	2	17542
1	1	17897
1713	53	18046
24169	62	18106
8	1	18491
164	7	18723
2	1	18840
51	9	20207
95	2	21789
538	2	22408
12	1	23487
60	13	23750
30676	27	23905
1520	29	24028
89	1	24771
3	1	25993
152	1	26478
3073	25	27017
17	1	27357
243	25	27699
3	1	28156
3	1	28226
2	1	28236
784	29	28534
9	1	28680
103863	1	29970
2	1	32110
27	1	32133
25	1	32281
11	1	32386
172	2	32444
2	1	33438
2981	2	34235
20	1	34704
71	2	36590
432	2	37154
397	1	37719
13	2	38031
1	1	38058
34	2	38201
66	5	38562
2	2	38713
16	4	38783
315	1	39545
11	1	40108
8	1	41709
13	1	41872
48	1	43460
12	1	44400
1202	7	44444
2329	25	45280
18	2	45298
2	2	45356
3	2	45415
3	1	45459
400	15	45629
12	1	45852
330	1	47444
1312	2	49229
6	1	50551
1	1	51659
8	5	53006
1618	40	55256
6	1	55309
8	1	55485
40	2	55516
13150	1	55747
111	1	55780
31	1	55884
1958	98	55990
1	1	57218
191	27	58474
1	1	58481
325	6	58923
796553	15	62802
32	2	63617
12	1	131745
6	1	132053
331	13	132215
138	1	132405
787	4	132529
62	5	132641
2	1	133166
336	20	133192
24660	636	133384
87	2	133414
10	2	133605
4	4	133798
9	1	134013
19	2	134041
2	2	134426
10791	2	134692
103	13	134760
75	1	134877
733	9	135393
7	5	136198
95	6	136429
324	1	136550
1	1	136697
9	1	136814
6	1	137000
7	2	137349
529	17	137363
32	5	137593
1	1	137657
1	1	137823
1	1	137967
1806	18	138168
13	1	138172
168	15	138501
1	1	138830
17	1	139352
18	1	139418
1	1	139529
3	1	140197
5	1	140917
34	1	141345
5	1	141443
465646	1	202161
2094	11	203724
14	4	207492
84	22	262420
3	2	262513
3	1	262526
9	1	263687
5	1	263790
44	3	268248
21	1	270901
64	1	394573
14	2	395516
54	2	396018
53	3	397142
13	1	397790
38	2	203
117	43	452
64	15	1267
10	2	1463
3	1	1741
1595	2	2570
668	6	3249
16	3	3292
2	1	4249
37	1	5580
124	12	5607
359	7	5617
4	1	5690
2450	5	6503
447	1	6646
3479	3	6949
428	2	7246
294	4	7459
11	4	7497
2	1	7598
388	4	7600
79	2	8339
4662	12	9318
3074	318	9326
75	13	9389
612	58	9441
34	2	9584
1	1	9597
19021	5508	9808
771	20	9988
153	9	10139
78	1	10209
2	1	10226
112	1	10242
385	11	11351
54	1	12301
712	1	12390
60	1	12847
17	2	13014
46	3	13296
177	1	13512
1299	9	14115
108	1	14265
9	1	14267
16	2	14298
1	1	14463
1116	2	15776
23	2	15924
12	3	16232
2	2	16322
387	1	16669
1	1	17405
1	1	17426
209	13	17551
549	1	17841
1322	10	18153
1439	73	18199
16	4	18207
232	1	18219
57	5	18434
1380	4	18566
1278704	2	18846
30	3	19114
1317	1	19216
95	1	19834
24	1	21088
509	1	21691
234	9	21859
2	1	22363
5667	255	23688
75	30	23700
63	7	23949
12	1	24138
24	1	24164
60	1	24233
278	49	24309
2	1	24337
1	1	24521
793	30	25019
10	1	27653
42	9	27747
134	1	28271
57	1	28685
24	11	29119
808	1	30383
6	1	31615
55	1	32408
109	1	32787
25	1	33055
20	1	34261
137	1	35432
1224	1	35948
4600	21	36692
57	6	36992
4	2	37453
105	3	37457
1	1	37934
21819	496	37963
1043	145	38067
582	15	38192
65	2	38306
2	1	39065
65	1	40111
21	1	41955
95	4	42298
12	1	42652
3	2	42925
126	2	42961
66	1	45269
2	2	45287
68	6	45648
61	7	45650
193	2	46687
1	1	46958
3	1	48146
33	2	48728
2	1	48945
4	1	51440
41	3	52373
3	1	52688
73	1	53149
2751	234	55853
6	1	55944
9	1	55956
4748	189	56041
24	10	56042
142	26	56046
2751	1	56240
8	1	56373
1162	42	58495
100	1	58935
4	1	59282
4	1	59724
18	1	60110
563	41	63873
10	4	131706
13	2	131740
86	3	132280
8	4	132351
3825	26	133043
45	1	133276
19	2	133306
6	3	133385
365	3	133636
695	78	133752
604	1	134178
271	3	134238
21	5	134326
51	1	134411
2	1	134750
1	1	134858
1	1	135261
31	2	135523
8	2	135636
251	13	136334
53	9	136723
651	35	137074
3	1	138296
14	3	138456
84	4	138546
2	1	138754
8	4	138886
74	1	139822
10	4	139967
19	2	140030
50	15	140122
52	1	140330
2	1	141130
76	5	141607
6	2	141652
1	1	141798
7	1	197882
87	6	205254
12	1	208927
4	1	210329
17	1	262757
6	1	262847
3	1	265443
57	2	265676
3	1	267629
2	2	269832
60	1	327782
459	2	327812
67	3	327933
8	2	394453
21364	1	394612
46	2	395597
16	5	396948
4397	1	397161
180	2	158
73207	1013	812
4	1	1489
27	4	1828
9	1	2044
19	1	2586
12	2	2711
195	1	3096
862	55	3462
2	1	4213
299	1	4540
3	1	4711
83	2	4721
652	16	4787
9	1	5391
132	2	5394
808	20	5650
68780	1	6231
1	1	6307
22	1	6421
424	1	7068
6	1	8376
212	1	8492
98	2	9166
398	90	9500
2	1	9834
1	1	10030
148	3	10099
1203	7	10834
3	1	11030
5	1	11478
84	3	11814
58	1	11949
283	1	11971
3	2	12257
22	2	12302
8	1	13189
15	1	13285
4	1	13878
42	1	13971
2139	2	13977
217	1	14799
230	1	14969
1420849	2	15147
8	1	15962
31	2	16284
1436	4	17062
85	1	17471
64	14	17885
1047	14	17995
1929	1	18113
20	1	19076
21	1	19281
152940	1729	20115
300	1	20328
71	6	20676
3	1	21947
5	1	22332
119	1	22897
4	1	22995
4	1	23233
136	1	23265
753	8	23724
7	3	24109
46	4	24207
1	1	24332
28	1	24391
1	1	24501
2	2	24530
438	10	24554
36	5	24921
71	2	25617
99	4	27064
6	1	27775
6	1	28026
3	2	28146
2841	8	28716
21	4	29357
116	1	32331
6	1	33885
473575	1	34576
26	1	34946
29	1	35953
6	1	35985
28	1	36352
2	2	37917
4	1	38044
2	1	38143
1	1	38526
2	1	38577
10986	1	38626
12	1	40051
3281	1	40341
19	1	43205
64	5	43824
3	1	44213
15	2	45176
129	5	45187
39	4	45312
6	1	45352
17	9	45475
23	1	45649
7	2	46032
3	1	46273
3	1	48075
2	1	52444
4	1	52687
370102	386	53813
1	1	54363
1049	48	55701
50	2	56595
421	3	58092
365	4	58543
175	2	58681
2948	240	59162
39	5	59317
13	1	61587
2	1	61844
98722	79	62044
107	1	63267
3	2	63851
37	3	64050
15	7	131269
3	1	131354
2177	53	131583
1	1	132377
1021	42	132778
8	1	132957
4104	81	133001
10	2	133070
197	3	133159
678	2	133388
28	4	133613
1048	1	133915
1200	8	133929
5	2	134026
1	1	134113
9	1	134270
381	10	134319
1	1	134599
99	5	134633
10	1	134886
59	5	135032
96	3	135371
17490	2	135415
1	1	135744
6	1	135848
2	1	136373
1	1	136534
14	1	136629
3	2	136664
33	7	136780
2642	70	137645
24	7	137815
59	3	137959
2	2	138001
547	2	138005
7	2	138187
2	1	138423
83	3	138755
35	11	139007
21	14	139276
1	1	139335
1	1	139850
1	1	140055
1005	4	140174
2	1	141583
3	1	141680
6	1	141916
24	8	199312
5	1	199524
2	1	207169
19	1	210309
1	1	211459
8	1	262195
15	1	264437
38	2	268541
1	1	269804
27	1	270419
972	9	327987
374	3	328214
344	1	395394
38	1	395694
