#Field:count	sourceIPCount	endUserASN
1789769	140	122
1	1	668
3376	4	797
24045	1	1449
16	2	1505
39	2	2711
30	1	3300
46519	32	3741
1	1	3949
975	1	4352
243	26	4538
32	2	4693
2	1	5378
1746	32	5384
5	1	5578
104	4	5610
21	5	6805
3	1	7004
723	1	7068
71	1	7224
1596	7	7468
19	2	8374
48	4	8447
3	1	9335
12057	81	9498
144	13	9583
3	1	9908
22	1	9924
34	2	9931
71	1	10200
316	2	10264
1	1	11030
22	1	11419
276	3	11776
60834	3	11985
5	5	13213
5122	5	13692
81	10	14080
1	1	14654
241	1	14799
344	6	15557
3	1	16389
53	1	16588
4	1	17174
34	1	17211
3	3	17539
14	1	17645
16	3	17747
1192	10	17762
22	1	17887
269	4	17964
20	3	17968
28	3	17970
2	1	17976
191	20	18881
56	1	19161
21	1	19614
727	1	19801
95	1	19809
191	5	21050
744	13	21724
207	1	21817
3	1	21899
1967560	69	22616
21	1	22709
156	4	23853
16	1	23878
3951	41	24028
836	7	24068
66	4	24122
164	1	24459
4	2	24529
1023	2	24539
39	1	24558
106	3	24757
2	1	27066
7	1	27792
228	12	28523
2806	34	28548
184	18	28555
1222	1	30383
42	13	30873
258	1	32331
424416	1	34576
452	1	35549
11	1	37315
1	1	38496
179	8	38901
29	1	39648
4544	1	40341
222	2	45249
3	1	45350
2195	59	45671
5	1	45767
103	3	45903
408	3	49816
6	1	49838
186	1	50300
43	2	51043
413	1	51200
18	1	51590
691490	4	54478
2	1	55636
522	29	55693
7769	5	58511
54	9	59167
3	1	59547
217266	86	62044
1102	30	63526
117	42	64037
2	1	131337
1	1	131463
66	1	132019
30	6	132480
5	3	132652
17	5	132692
479	6	132923
1250	107	132960
373	5	133159
1	1	133268
44915	461	133579
33	1	133623
2287	53	133685
108	1	133706
276	1	133881
1	1	133977
3736	10	134244
391	1	134284
1	1	134343
27	1	134372
1658	12	134378
19	6	134596
14	4	135032
22	1	135629
6	1	135756
83	1	135964
8	1	136079
93	3	136199
16	1	136524
11	1	136814
51	2	136993
8	1	137020
181	1	137269
525	24	137409
32	4	138254
1	1	138423
20	1	138716
43	2	138882
319	8	139007
1	1	139042
5	1	139070
11	2	139423
38	3	139986
1	1	140015
70	4	140317
106	1	140545
127	4	140732
4	2	141054
29	2	141262
1	1	262645
36	1	263432
1	1	263703
367	1	264159
1	1	266410
1	1	269782
3	1	270004
1092	9	327987
65	1	328146
20	1	396000
3	1	239
2	1	399
1567	5	1273
16	1	1818
3	1	1901
6	5	2535
45	1	4010
236	22	4787
1623	39	4788
34	1	6095
165	6	6453
1	1	6821
4	1	7203
606	61	7303
863	6	7600
73	5	7633
8	4	8100
226	1	8147
57	2	8163
16	3	8427
5	1	8487
754	12	8551
644	6	8764
14	1	8821
231	79	9500
40	13	9541
12765	3504	9808
41226	241	9876
28	1	11589
4	1	11620
813	10	12083
559	1	12128
366	5	12741
4480	2	13977
264	17	13999
234	1	14265
1	1	15304
334	6	16019
9	1	16360
4	1	16397
2	1	16553
262	4	16735
2421	16	17062
4	1	17223
28903	18	17390
59	1	17471
882	14	17903
70	4	18206
1	1	19738
387	1	20018
1775	1	21054
2	1	21058
808	2	21369
197	1	21541
2	1	22992
2	2	23671
85514	47	23838
143	15	23956
7	1	24158
848	1	24331
1	1	24332
1772	54	24556
8	1	25417
27	1	25762
265	2	26133
1178	5	27064
200	1	27425
258	2	27651
123	3	28186
12	4	28623
9750	1	30610
8	1	31430
1	1	32181
90	1	32329
7	1	32537
16	1	34086
416	1	34779
5	1	35728
41	2	35908
1	1	36352
4	1	36866
23705	528	37963
11	3	38031
28	3	38906
54	1	40111
2	1	42555
15	1	42841
13	3	45176
33157	111	45177
2	1	45429
2248	5	45641
7	4	45773
10967	881	45804
4	1	51570
105	5	52228
631	39	55341
2101	45	55352
9460	2	55567
6	3	55799
2752	81	55990
125322	103	56186
19	2	56242
3327	812	58224
11	1	58656
31915	820	58969
158	8	64315
10	5	131267
27	6	131269
13	3	131740
20	1	132145
4	1	132152
20	2	132882
2	1	133024
23	2	133248
20	3	133255
242	2	133578
4	1	133734
14	1	133811
43	1	134013
25	1	134202
25	2	134204
36	1	134411
9	2	135076
285	3	135555
117	1	135607
1	1	135721
4	1	137000
143	1	137268
2	1	138197
6	1	138322
1	1	138842
1	1	139300
1	1	139994
6	2	140040
49	1	140096
37	13	140122
10	2	140594
1476	1	200291
27	1	203735
3	3	205110
27	2	210162
39	3	265739
89	9	266967
68	2	267857
88	3	269351
8	1	269462
18	7	270340
3	1	328114
122	1	328708
7	1	393529
11	1	394473
1	1	395594
367	1	395694
478	10	71
31540	6	2514
137	6	2914
161	35	3302
378	8	4637
204	18	4800
80	6	4804
27	2	6501
61	6	6866
209	21	7497
532	42	7552
257	15	7738
6	1	8542
51	1	9365
244	59	9790
19372	4	10143
59	1	10370
2	1	10461
14194	5	10753
61336	435	11426
76	2	11892
375	1	12009
110	2	12175
6	1	12222
3	1	12238
294	16	12874
8	1	14638
8	1	14969
325972	1	15442
112	9	15802
11	1	16284
2	2	16322
106	1	16371
3	1	16700
647	11	16960
15	1	17195
14	2	17429
16	2	17454
2	1	17586
57809	972	17621
1	1	17916
600	28	18046
850	20	18230
623	1	18666
1857708	3	18846
4	1	19037
1551	14	19108
14	2	19236
174	1	21093
214	1	22186
926227	10	22460
2	2	22515
4	1	23332
6	2	23820
40223	26	23905
196	3	24173
74	33	24203
40	1	24550
13	1	25424
383	3	25899
4	2	26599
268	3	27364
6	1	27693
81	1	27856
24	2	28080
99	7	28530
42	2	28668
4727	3	29208
204	1	29990
2	1	30513
367	3	30600
7	1	30848
27	1	32257
493	1	32444
55	3	32564
1	1	33058
128	4	33964
483	31	34984
24	1	36291
6	1	37376
6	1	37529
3	1	37673
187	4	38524
1217	58	38712
3	1	39657
2	1	42774
293	17	45629
575	45	45725
3	1	45754
66	4	45905
2978	52	46023
1	1	46958
3	1	47253
371	1	47444
138	2	48638
3	1	48794
2	1	50010
31	2	51561
97	1	53903
189	1	53987
103	1	55391
48456	212	55561
50	12	55577
145	7	55714
3086	227	55853
7006	139	56041
1324	136	56233
38	1	56628
147	4	58485
2	1	58762
136	1	59050
3	2	59278
1	1	60814
1	1	61461
114	5	64063
28918	370	131207
4	1	131265
12209	8	131291
6	1	131354
509	28	131717
30	1	132021
1037	34	132268
20	9	132525
6	1	132961
25	5	133945
32	3	134630
17	2	134674
19	2	134714
41250	17	134762
436	4	135023
1490	8	135393
25	2	135636
85	2	135700
7	3	135820
1	1	135872
9	1	136024
18	1	136078
231	1	136216
12	2	136552
1	1	136642
134	19	136720
620	12	137088
3	2	137110
1	1	137329
2	1	137904
30	2	138084
25	6	138649
2	1	138676
2	1	138773
2	1	139656
3386	60	140174
125	5	140711
42	2	141053
135	14	199276
1	1	199984
1	1	201106
57	1	206509
6	1	210158
3	1	263163
4	1	263558
15	3	263793
957	2	327812
20	1	327983
18	1	328125
4907	1	394974
8	1	395043
26	1	395592
18	1	395876
308	1	398159
197672	505	270
1962065	281	297
2	1	1460
78	11	2119
26	1	2152
9185	40	2516
39	1	2905
384	1	3096
1	1	4628
32	3	5410
193	3	5704
1769	19	6079
322	70	6400
3018	95	6848
374	2	6979
4	1	7693
1530	1	7718
328	1	7792
55	3	9228
16	1	9283
16	1	9557
16	2	9821
3	1	10666
6	1	12826
4242	16	14299
12	1	14957
588	1	15036
474	2	15830
1	1	16026
248	2	16863
2	1	17150
1	1	18059
29	1	19721
480	5	20650
3	1	20804
3	1	21272
4	1	21309
5608037	2	22703
48	1	23138
16	4	23888
2850	11	23969
2	1	24347
10	2	24532
178	12	25820
242	1	26166
231	1	26395
2	2	26611
43	1	27046
1	1	28343
337	1	29828
2184	20	30036
2	1	31027
26	1	31037
3282	1	33680
42	1	36143
577	2	36534
12	1	37002
1	1	37030
47	2	37385
6	1	37665
56	4	38174
2335	26	38529
5	3	38744
8	1	39288
214	1	40154
99	1	43065
373	3	45062
6	3	45245
1	1	45294
3	1	45302
6	2	45588
2	1	45785
39	1	46449
24	3	48945
3	1	49362
12	1	49628
1677	2	51100
17	4	51207
7	1	52687
11	1	54363
88	1	55039
99	2	55516
3	1	55757
13	1	56478
4	2	58385
82	3	58590
32	2	58653
1	1	59065
16	4	59282
29	19	59332
60	1	59518
5	1	61452
7	1	61844
23	1	63490
133	38	63859
455	1	131232
1	1	131284
10438	471	132116
89	2	132355
4	1	132637
3	3	133301
50	6	133331
68	2	133414
2687	27	133954
194	12	134429
1	1	134868
12809	2	135415
41	15	135455
285	31	135478
1688	2	135513
72	2	135722
113	11	136292
10	3	136301
3	1	136426
245	4	136499
1	1	136607
334	7	136716
6	1	137440
44	1	137672
1	1	137836
43	1	137883
55	1	138024
10	2	138100
1	1	138195
2	1	138225
479	38	138536
3	1	138606
181	2	139020
16	2	139418
1	1	139435
17	1	139525
22	4	139958
186	10	140499
64	16	141326
2	1	141383
205	23	206119
32	2	262296
9	2	262498
23	3	263151
31	1	264486
6	1	266989
8	1	270913
3	1	327750
286	3	327933
18	1	328140
1	1	328286
113	1	394451
2	1	395954
2491	42	577
87	1	1348
6	2	1479
658019	24	2497
14327	4	2519
5	1	3308
55671	44	3356
28	1	4007
2835	1	4046
2	1	5391
661	5	5588
12	2	5645
86426	457	7018
341	3	7046
113	1	7098
8	1	7482
9	1	8983
2	1	9255
4005	161	9299
4479	238	9326
26	2	9370
1	1	9371
11002	5	9989
2	2	10030
102	2	10212
1119	3	11232
938	12	11404
73	3	11676
4	1	12158
3	1	12333
348	1	13943
30	2	14201
1063	1	14230
232	1	14291
3	1	14725
270	1	15225
6	1	15659
8	1	16342
4298	100	16509
219	1	17293
12539	313	17465
7	3	17648
169	13	17670
114	4	18207
68	22	18209
2002	6	18566
2	1	19149
9	1	19919
13	2	20845
2	1	20868
338	8	21859
10	3	21949
6	1	22768
15	1	22897
9	1	22925
42859	5	23148
172	1	23550
355	117	23693
65	15	23860
54	3	23949
10	2	24023
35	1	24511
37	1	24677
1	1	25024
40	1	25081
1228	1	25562
10	1	26425
109	2	26615
6	1	27884
22	2	27989
3	1	28156
26	3	28226
47	1	28284
2	1	28329
49	3	28536
21	2	28538
118	1	29245
2	1	29933
8	1	31472
186	1	33042
5	1	33362
66604	104	33363
20	1	34216
52	1	34660
30	1	37009
256	2	37204
4029	4	37282
1	1	38315
2	1	38742
4468	30	38794
9	1	39603
3	1	40391
464067	287	45267
3941	91	45637
147	4	45650
4	1	45663
674	1	46849
2	1	49981
120	3	51343
103	2	52233
26	2	53231
19	5	54574
72	1	54665
1130	6	55649
4623	1	55743
2	1	55872
5	2	56110
30	11	60068
586	1	62839
222	8	64050
4076	18	64095
4	2	131445
7729	31	132449
1	1	132763
3	1	133006
976	1	133108
1273	71	133752
6	3	134271
3	1	134651
3	1	134687
19	3	134768
880	19	134841
197	1	135288
17	1	136230
11	1	136237
10	1	136255
3	1	136308
182	2	136479
66	4	136646
36	3	137593
39	3	137952
1	1	138064
71	3	138384
8	2	138874
21	5	138903
516	2	138973
8	1	139080
88	1	139091
18	1	139352
3	1	139451
1	1	140162
5	1	140315
74	13	140847
3	1	140904
35	2	141345
29	11	141386
1	1	141660
9	1	198184
1	1	203020
1746	1	205992
181	2	262191
5	1	263687
3	1	264825
1	1	265569
4	3	265799
8	4	266705
8	3	266754
5	1	267869
18	3	268541
138	8	268899
22	4	269346
18	1	269422
2	1	269750
12	1	328471
3	1	393340
311	1	397412
605	8	721
109830	1020	812
4	1	1313
229205	3	1678
26	2	1828
555	5	3249
175	12	3758
522	16	3786
6616	16	4648
408	56	4761
1243	10	6327
4918	2	6949
541	1	7359
67	6	8881
10	1	9723
6383	7	9822
981	37	9832
329458	373	9929
5	1	10021
139	3	10217
984	1	11734
9	1	13333
796633	7	14762
41	12	16276
8	2	17107
6	1	17216
213315	1273	17506
4087	110	17658
81	12	17665
1743	71	18159
84	1	18187
105	1	18271
8	1	19421
869	9	19429
1	1	19511
3490	9	19739
1	1	19863
15	2	21339
548308	6	22252
605	13	22284
42	1	22411
23	1	22764
15	1	23201
1694	5	23404
4	1	23959
1	1	24130
1136	1	24327
1427	36	25019
89	1	26034
74	1	26198
3	1	26363
376225	2	26554
28	2	27742
161	8	27759
1	1	28114
130	8	28545
9	1	29413
226	1	31122
1	1	31549
527	1	32307
2397	1	32805
5689	2	33662
70	1	35865
3	1	37203
163	6	37965
3	1	38030
1781	2	38294
2	1	38306
21075	1111	38511
1	1	40065
1	1	41164
10	1	42003
1	1	42090
151	1	42575
10	3	42831
167	1	45269
5	2	45287
723	12	45316
26	1	45649
30	14	45669
429	23	45820
1	1	46019
96156	1	46528
1	1	48847
6	1	50780
357	23	55501
732	51	55814
75	16	56047
2525	1	56307
480	29	58482
303	4	58664
4594	24	58666
1	1	59169
13	1	59836
42	1	60876
4	2	61745
28	1	62642
3	1	63357
32	2	63617
18	1	64307
2	1	131591
271	33	131743
1265	4	132023
29	9	132165
147	4	132585
851	1	132720
121	3	133096
5100	49	133524
1190	2	133920
119	2	134069
4	1	134134
191	3	134238
1950	12	134294
109	7	134702
1	1	134764
3	2	134911
1	1	134971
100	8	135182
407	31	135201
217	1	136550
1	1	136598
19	2	136958
1	1	137292
7	1	137703
49	2	138022
3	1	138119
228	16	138557
1	1	138655
1	1	139460
11	2	140025
34	1	140172
3	1	140437
28	3	140607
75	6	141315
25	1	199270
8	1	199706
7	2	202384
2	2	262159
4	1	397732
127	1	397790
10	1	1472
19	1	2381
2	1	3223
75	11	3573
55948	2	3902
6708	6	4739
162	5	4750
2771	15	4770
72	1	5606
6770	273	6147
88	7	6181
5	1	6404
45	2	6535
45	3	6871
10	1	7057
172	6	7106
6	1	7155
578	1	7246
1	1	7670
107	1	7695
12	1	8228
14	1	8399
515	11	8708
279	2	9509
437	91	9829
96	20	9905
6815	3	10146
111	1	10695
1737	5	10834
389	6	11272
7	1	11320
798	1	11971
3	1	11976
6	1	12089
105	1	12177
544	92	12735
113	3	14178
204386	9	14618
117	4	15695
5586	2	16074
4	4	16135
38	1	17049
482	110	17451
49	19	17488
600	26	17638
545	7	17666
35	1	17739
4685	1	17792
10767	384	17816
43777	55	18106
12525	4	18734
360	7	18747
123	1	20295
311	1	20328
2	1	20773
45	1	21019
177	7	23673
4	2	23750
47	4	23930
112369	4	24318
363	51	24444
153	20	24523
4	1	25400
30	2	25617
142	12	25951
15	1	26592
414	3	27264
10	4	28006
18	1	28725
832	3	28729
4	2	32098
4	1	33279
157	1	33749
238	32	33771
334	2	36012
19	2	37284
1	1	37447
40	3	38201
1	1	38226
4	1	38322
38538	2	38473
22	1	38553
1	1	38778
4	1	39228
9	2	42925
118	2	42961
4	2	44022
5	1	44369
27	1	44776
2	1	45158
5	2	45459
133	4	45528
503	15	45758
17056	1	46118
2	1	46475
9	1	48128
43	1	48359
34	2	53102
18	1	54616
130622	1	54747
291	7	55715
238	22	56044
12	3	58065
231	3	58906
1	1	59253
1574	11	59346
124	13	61592
31	1	63255
7	1	63860
64	3	131198
64318	1	131274
3	3	132453
120	17	132669
8	1	132686
1314	2	132722
70	12	133275
4	3	133287
250	4	133481
1	1	133997
50	3	134301
57	4	134375
22	3	134810
1012	6	135206
145044	1	135313
1645	25	136494
2	1	136610
116	11	136723
12	1	136780
1	1	136909
2	1	137125
1	1	137316
89	2	137666
86	1	137816
142	3	138079
112	4	138431
1	1	139071
131	7	139223
4	1	139421
22	1	139972
22	2	140546
9	5	141194
57	5	141652
1	1	199010
64	1	201394
17	3	202561
145	7	205254
1	1	206495
1	1	262195
1	1	263144
113	2	264310
11	1	266336
15	1	266621
1	1	266732
1	1	267427
115	2	270049
4	1	393467
6	1	393924
24	1	395354
120	1	396941
10	1	1541
16722	3	2510
6310	10	2686
3479	31	3209
31505	22	4515
2	2	4609
67	3	4694
178	1	5602
95868	1	6231
3397561	7	6253
309	12	6471
301	8	7418
24	4	8339
4	3	8560
54	2	9105
29	2	9238
54	3	9506
254	30	9873
69	1	10219
3510	47	10796
100	1	11233
58203	2	11309
169	1	12406
271	4	12578
4	1	12880
2	1	13124
57	1	16082
182	1	16574
96	15	17885
43	1	20477
3	1	20632
805	1	21691
61	8	22047
49	1	22260
467	4	22652
122	3	23118
217	2	24154
883	1	24291
193	60	24560
2	1	25836
213	2	26793
18	1	27696
148	9	27951
186	1	30710
8	1	30999
4	1	31890
23756	1	32099
56	1	33055
2	1	33438
2309	11	33915
123	2	35432
166	2	36590
26	4	36907
17	1	37451
161	16	37542
36	2	37649
204	11	38203
79	7	38235
76	9	38566
224	5	38875
9	1	39577
28	2	41872
21	1	42382
26	1	43460
11083	24	45090
2	1	45333
31	16	45727
4840	286	45775
10361	279	45916
30476	12	46313
3	1	47956
494	3	50266
10	1	51124
15	1	51336
819	45	55701
1	1	55828
22	2	58504
518	22	58558
7	2	58561
101	4	58800
29	1	59807
75	2	61135
54	4	64012
628	49	131111
1	1	131293
274	5	131296
149	7	131697
1	1	131722
9428	111	132255
6457	36	132347
24	1	132829
1101	28	133192
2	1	133380
1	1	133711
318	3	133720
1	1	133817
10	2	133844
1443	9	133928
153	6	134061
180	1	134178
2711	7	134254
3	2	134426
5	2	134732
281	20	134760
141	7	134967
28	2	135247
75	12	136030
541	20	136719
1	1	137085
4	1	137611
144	24	138574
119	7	138755
5	2	138841
3	2	138862
2	1	139360
84	6	139464
6	2	140061
99	5	140995
7	1	141147
231	14	141184
24	1	196978
1	1	198203
149	5	201984
2	1	201991
6	1	202116
13	1	202356
6	1	203554
62	25	204834
35	1	206561
270	4	262906
90	4	263047
1	1	265443
28	8	266115
15	1	266233
56	2	268248
16	1	328003
2	1	394558
370246	2	395198
247	1	397422
5	1	523
348	1	786
10	3	1464
96	1	1701
79357	126	1759
15942	1	3389
19	4	3456
908	6	4181
7	3	4249
377848	295	4812
155	3	5413
967	5	5416
160	11	5607
134	1	6077
128	1	6296
3787	2	6503
16	2	6661
1	1	7015
234	2	8492
154	2	9166
5033	13	9268
16	3	9269
36	4	9340
132	8	9902
45	2	10273
6	1	10497
405	3	10794
5	1	11215
7107	1	11540
104	9	12479
2648	1	12843
8	1	13009
2	1	13322
3	1	13541
25	2	13954
26	1	14345
4	1	15108
72	4	15399
3	1	15774
1	1	15924
10	1	16169
126	1	16904
2	1	17222
5	1	17806
9009	349	18002
119	6	18021
18	4	18024
158	1	18108
5473	2	18182
12	1	18840
18	1	19165
279	1	21147
3855	1	22177
4	1	22302
689	2	22408
398	7	22724
511	4	23089
30	1	24218
460	21	24389
13	2	24391
485	1	25929
1	1	26334
31	1	26619
3812	29	27017
21	1	27030
10	1	27817
26	1	28032
3252	9	28878
18	3	29119
24	1	29256
345	1	29571
5	2	29580
18	1	30311
135	1	31263
6	1	34040
13	1	34781
13	1	35805
32	4	36903
9	1	37141
1	1	37705
1717	116	38067
2	1	38379
5	2	38461
2	1	39686
16	2	42864
23	1	43205
13	1	43909
48	1	44407
190	2	45179
3489	27	45410
1721	1	45491
81	4	45661
566	5	46163
4	1	46192
22	1	47626
9	1	49136
207	18	50710
218	12	52363
837	1	54614
3860	15	55410
606	75	55427
40	4	55430
3	3	55824
13645	244	55862
14	1	55956
2	1	56665
37	4	58404
318	6	58717
2	2	59139
16	1	59150
60	1	60718
911	16	64073
786	37	131227
302	12	131303
577	24	131464
312338	85	132203
303	13	132215
325	3	132245
56	6	132779
7298	69	132857
868	2	133101
15771	429	133384
195	28	133645
12	5	133798
1	1	133799
6	2	133900
23	1	134259
82	1	134264
1622	1	134763
73	6	134775
57	5	134860
210	1	134861
212	17	134880
46406	2	135154
19	2	135760
3	1	136272
18	2	136287
8	1	136436
2	1	136651
1540	10	136975
3	1	137648
1	1	137704
9	1	137785
4	1	138443
28	1	138499
84	19	138529
3	1	138759
3	1	138873
2	1	139239
6	1	139504
37	2	139863
10	1	139955
15	4	139967
258	1	140144
1	1	141225
10	3	141314
8	3	141669
5	2	142050
7	1	198397
95	1	200748
448	1	203209
8	1	205199
3	1	210116
1682	1	262570
3	1	262731
6	2	262985
4	1	264229
3	1	266480
227	4	266802
6	1	267308
71	2	267823
4	1	268038
13	1	268251
14	2	270062
112	2	393415
5	1	394702
4	1	396301
21	1	399203
272	2	158
28	1	559
48	1	1294
27437	1	2539
1498	16	2611
257	1	2665
22	1	2860
71	2	3602
27	1	4589
17769	5	5400
22	1	5690
1	1	6407
585911	13	7862
24	1	8015
22	1	8103
1	1	8386
602	9	8968
266	18	9260
12	1	9848
6	1	10620
3	1	11302
79	6	11342
236	3	12361
409	3	13119
96	1	13682
12	1	13717
66	1	13971
72	3	14109
32	1	14131
54216	1	14802
1	1	16628
17	1	17301
49	1	17378
4	1	17381
1	1	17400
268	1	17423
9	2	17510
9564	312	17622
4	1	17802
23	3	17858
52	1	17971
8	1	18267
765	19	18403
116	1	18964
7	1	19881
616	12	20057
20960	1	20141
8	2	21574
4	1	21599
3	1	21826
4	1	23490
255	1	24118
72	18	24186
11809	202	24323
2761	247	25136
1627	114	27901
89	3	28165
118	10	28573
40	1	29736
6	1	30764
94	5	31898
77	1	31939
413	4	32133
29	1	32386
1	1	33387
25090	239	33588
61	1	33953
10	1	35110
14461	37	36692
58	1	37680
34	2	37919
175904	3	38258
822	8	38305
2626	10	38477
8	1	39863
1	1	45357
110	4	45433
97	17	45475
59	9	45648
1	1	45655
2656	298	45701
5582	1	45737
4	1	48024
21	1	50463
3	2	51074
1	1	52330
25	2	52373
42	1	53289
312	1	53508
1972	1	55570
6516	537	55666
475	2	56017
183	39	56046
4	1	56239
4498	5	56294
17	1	56373
2	1	57494
13	1	57563
15430	24	58376
1	1	58553
3669	448	58659
754	17	58966
604	5	59322
254	1	59717
539	1	60257
6	1	61587
8	1	63580
6	1	63851
13	5	63932
101	4	131210
5	1	131324
13	4	131921
13	2	132298
351	2	132471
66	1	133070
6	1	133835
2547	25	133878
10	2	134026
7	1	134167
31	3	134326
3	1	134659
3	1	135130
3	1	135407
527	17	135464
329	23	135712
473	54	136065
1	1	136129
7	1	136582
162	10	136639
9461	86	136795
1	1	136873
26	1	137107
26	1	137117
1	1	137159
100	18	137689
1170	1	138035
17	2	138083
6085	29	138189
1	1	138397
7	1	138546
41	12	138621
5	1	138665
27332	1	139050
35	1	139275
3	1	139343
173	20	139814
60	1	139906
15	2	140030
4	1	140080
39	14	199312
8	1	201205
5675	1	201730
6	1	203689
56	1	204848
2	1	205080
61	1	205400
2	1	205769
803	1	264764
34	2	264857
1	1	265269
7	6	266761
21	1	268942
5	4	271798
23	2	328319
56	1	393748
2	1	394955
45	6	396253
1	1	397391
9	3	220
540	1	564
3850	5	702
218	6	1257
96	1	1423
288	3	2828
31	3	3292
1	1	3916
285	1	4015
61	4	4657
601	10	5617
4653	29	6167
1743	13	6619
202	14	6739
438	1	7194
70	2	7565
55	2	7679
2	1	7926
1498	15	8220
4461	20	9121
232	10	9304
11	1	9584
6	1	9823
3	1	9927
3633	7	10103
490	10	10429
29022	7	10879
1488	15	11351
12	1	11666
310	3	11911
37	1	12847
880	6	12942
41070	2	14306
606	1	15343
22	2	15525
22	1	15533
3817	41	16591
2	1	16746
2	1	17003
99	1	17210
112	2	17386
166	1	17542
1074	14	17754
90	6	18196
1998	72	18199
7	2	18816
8	2	19114
27	1	19332
45	2	19443
266017	1792	20115
17	1	20712
9	1	21430
239	13	21783
277	2	22561
3	1	23243
6	1	24085
772	29	24400
29	5	24530
610	7	24554
12	1	25003
5	1	25031
15705	1	25181
8	1	25215
25	1	26210
1	1	26326
12	1	27357
15	1	27773
508	1	30030
6	1	30259
403	1	30356
274	5	30722
992	2	31747
77	2	33353
4	1	33556
138	1	37233
21	2	37353
104	18	38264
71	12	38500
3	1	38896
224	2	43797
2	1	43948
26	2	44671
9301	8	45110
179	7	45582
16	7	45769
213	10	45884
133	1	46616
56	1	50673
10	2	53062
13	3	53667
82297	1	55901
106	2	55944
6	1	57112
2	2	57218
9055	230	58678
31	1	59185
386	24	63888
1	1	132377
1	1	132932
1	1	133243
98	2	133297
6	1	133612
262	6	133648
56	1	134110
17	1	134270
79	14	134543
6	1	134621
8	1	134715
8	1	134739
2	1	134900
69017	55	135069
2	1	135373
33	2	136592
21	6	137138
7	1	137505
5	3	138001
2	1	138172
2065	3	138421
87	2	138456
2	1	138578
459	5	138718
184	4	139054
46	10	139310
1	1	139943
4	1	141127
2	2	141892
14	4	197638
26	1	198589
20	1	206798
5	1	263327
1	1	266331
4	1	267408
1	1	269652
16	1	327950
13	1	394453
2	1	394625
5	2	395266
47	1	395461
6	1	62
96	2	109
178	5	203
19	5	452
4	1	647
1963	4	855
1414	47	3320
5003265	5	3379
12194	8	3737
510	1	4454
597	15	4768
248	4	4983
230	1	6256
1	1	6648
147	2	6713
4	1	7011
3189	5	7358
17	2	7602
52	1	9310
5343	17	9318
16	1	9394
15	1	10235
44	1	11486
172	1	11650
2332	23	12271
596	1	12390
221	15	14117
55	8	14398
8	1	14552
420	1	14677
188	1	15089
2	1	15106
211	1	16229
2109	1	16966
2	1	17147
76	2	17421
6251	32	17559
9299	332	17623
1453	23	17625
1240	4	18101
9964	165	18229
111	1	18719
160	3	18723
1	1	19641
76	1	19834
3	1	20847
30	1	22899
51328	2	23349
140	3	23487
2	2	23752
5170	1	23916
126	1	24233
6	2	24435
53	9	24481
886	2	25512
67	1	25972
21	1	26048
167	2	26478
104	1	27216
6	1	27653
243	4	29465
9	1	29492
153	1	30526
18	1	35985
511	1	36393
28	1	36850
6	1	36873
157	18	38019
5008	1	38319
3671	122	38320
375	27	38614
7	1	40051
190	5	40339
461	6	40526
49	13	41564
18	1	43343
19	1	43529
3	1	43959
5	5	44244
9374	9	45215
3493	142	45326
351	1	45780
182	1	46687
1	1	47524
2472	1	48728
5	1	52901
14	2	53066
5	1	55366
10	1	55933
1505	9	56030
901089	6	56043
31	2	56595
1247	16	58640
19	1	60372
2	2	62904
55	5	63969
716	16	132007
68	2	132027
2	1	132040
105	5	132167
1	1	132296
9922	60	132556
17	2	132559
3830	66	132996
1	1	133309
1	1	133354
911	55	133480
669	9	133556
3	1	133712
1	1	134341
8	2	135139
2126	9	135391
41	2	135654
1	1	135881
41	2	136103
6	2	136177
398	16	136557
27	1	136965
146	4	137435
565	33	137584
2	1	138398
526	20	138823
42	3	138886
13068	5	138915
12	1	140840
60	2	141646
163	8	197897
10	1	199942
12	1	202354
47	1	202455
222	1	204642
1	1	204757
38	2	205473
6	1	206067
17	4	262813
66	9	263230
3	1	263790
5	1	264704
20	7	266769
10	1	269545
3	1	393616
8081	3	125
648	32	681
2293	1	706
109	8	1136
32554	3	1299
15	1	1853
118	2	2116
1	1	2506
26	2	2518
146	6	2688
15	4	3132
2730	32	3257
6	1	3408
103794	76	4755
1	1	4859
122844	716	5432
264	4	5466
36	2	5483
33	6	6057
62	3	6300
94	3	8437
16	4	8767
2001	49	9341
5	4	9387
10	2	9443
4753	1	9536
35	5	10029
364	1	10242
7	2	10474
28	4	11179
12	1	11489
1624939	1	11685
88	1	11949
21	2	12552
36564	1	12666
32	1	13768
4915	22	14259
3	1	14373
79	1	14566
1	1	15790
1039	3	17054
30	1	17426
16	1	17480
891	285	17962
44	2	18126
5674	27	18400
69	9	20473
2	1	21513
277	1	21571
2	1	23885
46	3	23901
22	2	23951
3	1	24088
7104	549	24499
1064	13	24835
574	2	24863
58	1	26190
30460	4	26579
66	6	28118
70	2	28196
79	2	28669
116672	2	29970
14	2	30337
4	1	32277
2269	2	32413
92	1	34536
5015	1	37005
81	3	37061
219	1	37719
8418	8	38022
971	9	38437
270	1	39545
4	1	40817
41	4	42313
29	2	43766
73	4	49740
50	1	53158
839	2	53828
9	1	54559
110	2	54994
253	2	55884
2307	131	56040
3	1	56401
66	9	58593
5	3	58610
19	8	58821
38	3	58963
1	1	61046
130	1	63483
814	35	63873
206	1	131262
1	1	132045
4	1	132148
16	4	132295
153	19	132744
6	1	132950
28	6	132978
10	1	133115
149	6	133187
1	1	133327
17129	11	133399
162	3	133606
3	2	133653
854	14	133736
173	13	134316
1	1	134756
20	12	134837
77	11	135228
798	42	136429
4	1	136617
45	1	136803
48	2	137221
251	1	137495
2	1	137549
223	12	138014
3	1	138178
1	1	138296
50	10	138313
7	1	138321
5	2	139013
1136	1	139306
12	2	139601
21	2	139831
12	1	140097
1	1	140469
2	1	140611
6	1	140674
90	1	141293
15	5	141458
2	1	141616
8	8	141991
7	1	196670
220	1	196778
3	1	197603
9	1	198206
184	2	199233
1	1	199675
1	1	201859
8	4	206092
12	1	206170
16	1	208402
6	1	263023
33	1	264136
5	1	265646
3	1	268246
3	1	269183
9	1	270868
61	2	395137
162933	158	396982
371	6	398053
46	3	2764
21	2	3067
115	1	3084
27895	6	3561
431	1	4540
26	2	4618
51491	1	4680
82	1	4721
13258	9	4816
3	1	5653
17	1	6849
72	1	7599
1	1	7684
3825	912	7713
299	4	8053
5	1	8193
2485	2	8201
304	23	9009
67	2	9155
162	4	9658
1515	1	9797
138024	34	10022
42	1	10921
50	4	10991
64	3	11245
1	1	11556
22	1	12066
4	1	12102
75	1	12353
123	1	12399
203	6	12400
9	1	13208
25	2	13237
550	4	13576
98	2	13649
44	1	13807
1	1	14381
518	2	14537
6946	19	14615
140	1	14898
109816	1	15215
455	7	15247
37	1	15704
145	1	15707
516	1	15806
459	3	16086
4687	7	16347
203	2	16685
70	4	17436
3	1	17564
30	8	17813
12	1	17894
2	1	18087
4037	1	18113
161	1	19180
45	1	19182
90	1	20294
6942	55	22394
312	2	23002
6	1	23383
15082	57	24516
416	8	24547
6	1	25668
145	1	25830
140	1	26989
7	4	27839
22	1	29684
41	1	29844
47	3	30039
637	2	30164
39363	17	30844
8	1	32110
412	1	34774
1	1	36551
198	1	37154
6	1	37182
35	2	37564
365	14	37611
17	2	37645
82	55	38266
90	4	38769
21	1	38803
124	1	38827
3	1	41148
9	6	44944
3279	1	45164
1	1	45232
24	9	45498
243	6	46375
17	1	48832
3	2	49100
1668	1	50432
8	1	53162
7	2	54593
3	1	54600
4977	21	55653
116	2	55857
8179	10	56028
40	4	58322
1527	44	59362
4742	3	62058
21	1	62099
2074	11	131476
8	5	131706
173	3	132615
5503	68	133001
88	1	133055
9	1	133177
2459	29	133590
1763	6	133929
945	30	134552
25	1	134845
206	1	135386
9	1	135876
6	3	136198
1529	30	136969
1	1	137255
2298	10	137267
28	7	137815
21	1	137885
43	2	137959
4	2	138123
49	9	138320
208	1	138997
65	7	139405
1	1	139508
60	16	140310
28	1	140427
106	8	141522
134	1	141532
247	24	141545
18	6	141680
1	1	196733
75	1	197524
167	1	199298
72	1	203877
102	1	206206
1023	3	206841
23	1	209540
3	2	213347
72	3	263310
25	2	264186
3	1	266281
3	1	267828
3	1	267853
1	1	269921
2	2	270009
4	2	270587
67	4	270938
39	1	394711
7	1	490
2983	6	719
974	12	852
61	1	1931
7394	38	2856
228218	1	2894
202	6	4058
5506	17	4230
65	15	4760
254399	10217	4837
459	6	5713
543	21	5972
20	1	6419
106	2	7296
19	1	7403
65	2	7470
311	1	7988
105	3	8368
175	2	8468
267	10	8473
24	1	8866
225	2	9021
16	3	9230
4	1	9312
577	2	9466
29	1	9614
513	155	9785
411	16	10139
96	1	10204
253	1	10455
2900043	2	11520
6	1	11733
346	5	11845
3548	2	12422
2	1	12797
27	4	12849
140	3	13110
3118	13	13150
19	2	13325
14	3	13636
512	6	14115
131	1	14365
28	2	14561
2	1	14828
16	2	14868
116	1	16032
328	3	16326
8	1	16524
52	4	16525
383	1	16669
1305	3	16713
107	1	17229
311	1	17310
3	1	17382
1441	226	17470
7465	29	17492
133	2	18233
2	1	18353
20	4	18399
6	1	19600
137	1	19622
211	2	22438
154	11	23694
6	1	24086
1575	32	24432
250	29	24445
9	5	24940
4	1	25513
1586	1	25983
14	1	26109
6	1	26827
208	1	26950
404	1	27149
25	13	27926
18	5	27988
16	3	28126
1	1	28331
11	1	28458
31	1	29231
6	1	29255
1	1	31798
26	1	32289
2646	2	32851
24	1	33059
990	2	33218
118	1	34946
8	1	35141
18	1	35251
2	1	35788
15	1	35911
197	8	36992
18	1	37123
9	1	37347
13505	1	38140
659	2	38370
27	2	38522
2	1	38818
25	2	40285
11	1	40729
5	1	43092
15	1	44786
4	3	45325
542	1	45518
37	2	45763
274	1	46353
134	37	47331
22	3	51407
280	6	52916
11	1	53008
12	1	55178
1	1	55661
49	6	55699
4	1	55821
5	2	56209
6100	59	56272
444	9	58411
7	1	58444
1	1	58524
50	27	59257
1	1	59794
58	1	63222
175	9	63957
190977	4	64096
18	1	131642
22	1	131693
1396	2	131893
6	3	132351
262	2	132405
7	3	132447
1085	36	132778
3	3	133111
48	5	133696
970	1	133870
2	1	134524
179	7	134633
6395	42	134772
1442	147	134773
311	1	134877
27	3	134884
71	2	135047
1	1	135346
308	1	135358
187	1	135606
1336	21	135817
575	2	136271
202	19	136322
2	1	136724
24	1	136948
543	17	137034
186	5	137340
22	6	138089
1061	19	138168
3	1	138187
10	1	139338
3	2	139425
11	11	139786
11	2	139941
110	8	140018
14	3	140226
8	1	141067
591775	1	202161
204	2	202713
7040	1	204256
2	1	208341
122	25	262420
5	1	262847
1	1	262975
44	1	263073
6	1	265615
37	3	265643
46	2	265828
20	1	265913
1	1	266983
2	1	267686
5	4	268308
3	1	270110
4	2	270344
3	1	328279
14	2	395228
190	1	396292
2	1	383
198	22	385
4	2	409
145	4	803
10	1	1241
8	1	1451
8	1	1503
25311	70	3549
8	2	3633
28829	1448	4134
18	3	4685
10906	141	4771
8	3	4811
65	1	6315
29	3	8422
143	6	9824
3258	37	11427
78	1	12310
17	1	12337
441	2	12566
212	1	14188
35801	3	14279
26	2	14298
10	3	14630
19	1	15221
19	1	15344
162	2	15450
873	2	15776
3	3	15897
81	1	16592
24	2	16868
1607	1	16886
97	3	17350
245	13	17552
11110	24	17676
80	4	18434
34	1	18491
11342	2	18539
31	1	18563
1763	1	18862
16	2	19137
47	1	20255
4	1	20296
58	6	20676
1	1	20928
1	1	21094
22	1	21412
67	5	23650
188	11	23944
90	2	24207
315	46	24309
2	1	24477
144	6	24492
34	1	24771
3118	4	25387
6	1	25441
335	6	25472
6	1	26276
72	7	26617
61	1	28271
153	1	28316
12	5	28509
75	1	28723
271	5	29614
60	1	31126
81	1	31131
8	1	31252
16	2	32242
143	1	34697
133	1	36813
560	10	36994
9	1	37140
1	1	38011
3	2	38193
262	3	38197
1	1	38517
1	1	38573
16439	1	38626
39	6	38750
288271	1	41167
596	1	41176
117	1	42943
3	1	43670
79	6	44395
123	28	45271
2	1	45415
356220	1	45442
343	1	45445
3051	4	45787
1827	39	45899
5	2	46032
4	3	46573
3	3	47172
253	1	49063
2138	2	49229
153	1	50628
1	1	52507
17	1	53317
553286	312	53813
56	2	54755
3370	7	55524
18799	1	55747
174	8	55960
19	5	56042
1228	67	56048
21104	273	56268
104	4	57743
1253	10	58423
817	3	58466
127	15	58895
415	85	59340
4105	1	60788
5334	49	131583
464	42	131749
729	1	132526
14399	2	132576
1	1	132757
779	20	133234
4	1	133385
91	2	133894
2	2	133980
9117	5	134141
16	2	134594
162	2	134878
4	1	135495
2	1	136093
8	1	136492
3	1	136654
265	23	136698
2959	62	136907
3	1	137029
74	5	137443
8	3	137526
308	13	137580
13	3	137862
639	15	138701
22	2	138871
27	3	140481
1107	49	140726
50	8	141607
26	1	201154
6	3	202699
38	2	262197
43	2	262875
76	8	263209
203	3	264835
4	1	266137
107	4	269738
1	1	271120
54	2	327907
379	3	328214
11	2	393513
45	1	393846
68	1	394259
16	1	394301
5903	1	397161
157	1	202
10	1	306
4	1	1463
3189	1	2013
24	1	2280
1	1	2504
1047	49	3462
20711	142	4847
162	1	6224
607	1	6646
3785	34	7545
174	3	7642
34	1	7754
57	13	8048
3	1	8781
8208	173	9245
19	1	9794
2	1	10000
545	2	10032
26	1	10837
107	1	11635
63	6	11664
1145	8	12252
6	1	12793
42193	1	13205
195	1	14363
203	1	14827
85	2	16168
5	2	16232
4	1	16681
6	2	17073
42	4	17501
124	43	17557
9	2	17624
443	3	17766
153	1	17841
2160	7	17882
1205	10	18119
359	1	18378
30	1	18880
6533	56	20001
49	1	20880
4	1	21782
26	2	21856
30	7	21887
1	1	22528
27909	2	23281
1187	46	23655
15477	223	23688
175	44	23700
42	2	23934
1841	2	24012
2003	95	24342
20	1	25716
102	2	25771
1102	1	26838
4	1	27205
41	2	27695
1299	21	28534
4	1	28753
42	2	29467
926	1	30174
97302	10	33930
13	1	34244
30	1	34704
4	1	35981
1	1	36236
7	1	36502
199	1	36610
217	1	36715
59	2	37100
1	1	37130
3	1	37410
80	4	37457
4	1	37693
6	1	38071
10	1	38150
11	3	38191
28	2	38195
217	1	38582
1	1	38765
8	2	38771
3	1	39435
1	1	40533
4	1	41041
180	1	42010
17	1	42160
623	6	44444
75215	390	45102
122	4	45194
6350	139	45230
37	2	45289
402	233	45609
519	1	45620
203	1	47364
2881	1	48744
3	1	49865
15	5	52361
1	1	52371
3	1	52873
16	1	53488
7	1	53804
7	1	54290
576	9	55555
29	6	55685
468614	9507	55836
1	1	56002
4	1	56054
2	2	56167
245	2	58092
19044	974	58369
8665	4	58453
1179	21	58689
87	10	58903
223	6	58945
15	1	59499
58	4	60142
3	1	62857
9	1	63263
13	2	63835
67	1	63855
1	1	63996
83	2	132280
34	1	132941
11	2	133082
1	1	133089
19	1	133506
3	1	133580
5504	174	133676
47	8	133982
934	1	134081
2755	18	134359
2272	2	134542
505	8	135132
2	1	135416
84	1	135516
32	1	135523
12	1	135692
18	2	136074
134	2	136190
3	2	136525
775	65	136823
360	35	136885
17	2	137633
41	7	137645
3	1	137806
990	2	138005
71	4	138694
3	1	138745
198	5	139378
42	1	139904
788	1	199335
2	1	200402
3	1	200656
5	1	201678
1957	10	203724
683	2	205409
13	2	207492
435	36	262186
2	1	263258
6	1	263314
15	1	264437
82	2	265676
8	1	269139
3	1	269529
3	1	270862
27	1	270901
39643	1	394612
38	2	395516
64	2	396018
213	2	397635
6264	1	81
249	6	703
69	3	1213
135	1	2161
611	27	2527
3	1	3243
30	1	3265
102	4	3303
31	4	3329
54	2	3491
36	1	4043
1294	18	4766
1421	6	4795
220	2	7049
4274	216	8151
949	80	8452
2	2	9145
12	2	9389
70	1	9484
4873	10	9503
6	1	9842
25437	1276	10013
380918	7	10967
32	2	12025
2	1	12338
217	5	12389
113	3	13693
3	1	14127
242	11	14754
434	1	14948
486	2	14955
10429	54	15169
424	9	17639
30	10	18001
3	1	18371
98	1	19754
34	1	19806
2	2	20860
31	1	21088
1433	31	21928
46	15	22927
54	1	23473
222	2	23678
1085	6	24005
35	1	24164
29160	119	24183
10	2	24482
373	1	25039
72522	4	26072
117	1	26123
43	1	26375
1	1	27453
2	1	28598
297	1	29644
10	1	29691
63	3	29695
8	2	29854
3	1	31727
5	1	31965
978	12	33383
74	6	35612
404	5	35819
256	8	36351
7	2	37075
16227	2	37999
23	7	38623
74	3	39651
13	1	40948
29	1	41095
3	1	41339
98	3	45187
7	1	46073
335	2	46186
2	1	48133
3	2	49392
3	1	51337
10	3	52263
51	3	52280
3	1	53089
2	1	55435
2	1	58477
57	1	58505
268	6	58594
43	8	58926
3	1	59083
10	1	59816
10	1	62475
338	1	62915
834	1	63199
191	1	63267
11557	46	63927
5	1	64072
2	1	64300
47972	15	131239
83	1	131593
13	2	132053
341	4	132130
385	1	132240
8403	2	133090
56	1	133400
22	1	133661
1083	12	133726
350	5	133887
10	2	133989
546	3	134036
4	3	134043
10	1	134227
38	1	134980
1	1	135038
829	1	135127
16	1	135234
462	2	135328
13	3	135477
3	3	136118
3052	26	136200
674	18	136384
336	6	136434
147	12	136514
1	1	137519
40	1	137572
1	1	138134
19	1	139351
3	1	139651
3	1	139962
62	15	139992
275	6	140188
117	1	140424
14	11	197207
2	2	199524
53	3	202940
20	9	204166
1	1	212460
26	1	262352
140	2	262814
3	1	263737
5	2	264628
1	1	264702
18	1	265855
5	1	267411
1	1	267685
86	12	268771
10	1	269769
11	1	328376
211	4	328453
6	1	328659
15	1	328676
33	1	393737
809	3	395301
45175	1	395533
308	20	395597
2	2	396362
4	1	398844
6948	4	72
29	2	665
68516	139	1843
3532	2	2134
77	3	2586
40799	9	2687
8991	9	4049
459961	40	4713
65922	4	4725
24336	483	4808
16	2	6042
465	1	6389
5191	41	7029
238	7	7474
33	5	7590
93526	637	7922
601	74	8003
65	5	8346
20	1	8640
29	2	9031
6504095	9	9619
24	1	9650
31	3	9830
188	6	9988
22	1	10075
37	1	10362
109	5	11014
171	1	11138
276	2	12119
5	2	12876
24	1	13036
130	2	14010
1804	4	14051
2	1	15084
189	1	15121
42	2	15435
445	6	15502
3262	9	16629
2311	1	16641
1158	3	17145
156	2	17377
21891	2	17473
72728	21	17477
266	8	17483
406	1	18219
219	2	18933
37	1	19076
53	1	19151
10	1	19460
31	1	20116
24	6	20207
1	1	20478
109	3	21127
3	1	21246
1	1	22332
11708	119	22773
17349	958	23679
9	4	23889
3891	75	23955
2197	3	23966
1298	34	23991
2	1	24002
1890	43	24398
72	1	25923
6	1	26253
15	2	26937
122	2	27729
164	3	27775
2423	14	27843
124	3	27882
25	1	27953
9	3	28368
2269	16	28556
75	3	28586
8	1	29217
214	1	29894
54	1	30087
53	2	30466
212	2	30689
2	1	31133
315	5	31655
193	5	32194
3	1	32780
11	2	33548
4129	1	35104
232	5	35913
20	1	36549
567	17	38192
44	4	38562
31	1	39961
316	1	40523
9	1	44400
1	1	45224
24414	5	45458
24	2	45589
1319953	2	46564
6	1	47493
3	1	49117
2	1	53181
1	1	55286
4	1	55461
1	1	55665
376	5	55702
246701	983	55850
1423	26	56068
186	2	56300
1	1	58377
41	3	58424
54	8	58474
64	3	58519
468	2	58543
3	2	58826
772	35	58965
10	2	59209
434	2	62347
1060709	12	62802
4	2	63655
4	1	63852
14	1	131459
7953	1	132723
150	4	132815
360	7	133075
6	1	133107
114	2	133311
79	9	133633
271	4	133636
369	12	134319
37	2	134648
680	10	134676
106	14	134840
14	1	135090
1	1	135310
216	9	135725
85	16	135778
1	1	136284
11	2	137349
2	1	137653
225	19	137889
34	2	138059
26	4	138109
716	27	138315
9	1	138394
26	2	138412
4	1	138472
247	11	138501
2	2	138623
1	1	138835
131	4	139490
64	3	139942
5	2	140384
1	1	140405
13	2	141155
646	10	141198
4	1	198735
51	2	262145
396	11	262253
13	4	262854
63	4	262916
18	1	263626
38	3	263774
51	2	264360
7	2	264800
2	2	265463
2	1	266181
99	4	328244
4	1	328594
5	1	394934
422	1	395394
3	1	396173
28855	157	209
6	1	336
13	8	386
1	1	680
921403	155	1226
614	2	1747
3556	38	3352
297	15	3816
1842	1	3923
16328	5	4185
1	1	4237
1982	17	4775
21087	53	4809
7684	19	4826
2435	21	5089
8732	81	5650
14290	144	6128
24	1	6223
7896	9	6461
20	1	6752
514	20	6830
40	1	6855
7	3	7131
248	5	8400
3	1	8445
30	2	8717
29	1	9051
23862	58	9303
6	1	9416
5	1	9893
1	1	9919
12210	11	11172
70	1	11478
288	1	11686
161	6	11830
15	1	11992
54	1	12037
309	21	12430
352	1	12708
30	1	12895
8	3	12975
53	2	13037
11	1	13638
614	2	16050
18	1	16211
58986	5	17673
6	2	17727
1947	18	17995
2676	28	18015
25	1	18872
12	1	19009
4	1	19331
92362	1	19452
7	1	20165
1	1	20978
1	1	22439
471	1	22608
259	9	23724
1	1	23735
22	1	23910
3	1	24282
778	23	24324
17572	4	25180
1	1	25620
28	1	25932
4	1	26077
4	1	26727
422	30	27699
4	1	28048
27	1	31869
18	1	32040
1244	1	32067
33	1	33470
48	2	37184
2	1	37917
668	31	38758
68	3	39939
199	3	42298
4	1	42926
15	1	43372
7	1	43727
3717	30	45280
29	6	45312
87	3	45558
3240	80	45766
8	1	49223
10	1	51038
3	3	51430
62608	7	53766
37877	1	55157
2147	31	55256
121	1	55780
70616	138	55947
4612	1	56240
618	32	58495
1	1	58834
1068	2	59080
1	1	59105
117307	1	59109
1640	31	59165
9	1	59274
25	1	59365
2	1	61568
12	5	61911
5	2	63023
136	2	63920
64	7	63930
1	1	64074
2	1	132061
22	3	132161
402	33	132199
4	1	132567
1	1	133306
714	2	133388
76	4	133854
35	1	134315
471	15	134382
1021	11	134437
1	1	134910
467	31	135339
176	6	135356
3	1	135375
1	1	135798
1	1	136305
48	6	136480
121	10	136674
184	7	136946
361	26	137074
1	1	137132
1	1	137163
4	1	137298
10	1	137888
1	1	138112
86	1	138163
88	19	138220
326	10	138346
1	1	138576
311	65	139043
71	9	139276
2	1	139409
136	12	139870
1	1	140031
6	3	140308
42	14	140321
24	7	140407
17	3	141248
7	1	141322
196	12	141474
12	2	204170
85	1	205718
16	1	206262
87	1	209799
6	1	209854
130	13	212337
188	7	262210
1	1	262646
2	1	262838
1	1	263534
52	2	264556
2	1	269795
63	2	328237
7	1	397754
289	9	398704
15	2	637
10578	2	1239
60	1	2379
1064	1	2538
63281	3	2907
4885	46	3215
2676	10	3301
67	2	3614
25	22	4152
107	1	4473
9	1	4785
91149	2	5635
233	7	6799
184	2	7575
12	1	8046
18	1	8517
7	6	9329
152032	15	9381
207	2	9809
119	2	9911
6860	4	10099
1536	20	11492
31	11	12392
311	10	13489
5	1	13628
4	1	14014
1	1	14609
6	2	15256
49	7	17469
73	2	17547
79644	375	17705
1405	10	18153
278	2	18530
767	1	19551
79	1	19605
4	1	19800
4219	1	19855
17	2	20771
84	4	21789
4	1	22620
11	7	23674
136	2	24182
436	1	24395
12	1	24921
10	1	25135
162	2	25252
68	8	27747
19	3	27932
1	1	28075
80	1	28680
6	1	28698
215	2	30027
475	1	30372
360	1	32408
5	2	32475
3	1	32489
2931	2	34235
45	1	35033
2	2	35197
2	1	35988
75	1	36317
156	6	36937
8	1	37088
75	2	37094
23	2	37119
109	4	37148
181	1	37150
36	1	37671
715	36	38330
85	1	38900
11	4	39010
1	1	40861
24	1	41560
39	2	42772
61	1	43207
6	2	43561
2	2	45356
3	1	45417
130	3	46690
1783	8	47377
75	1	47474
9	1	48438
3	1	49800
3	1	51313
25	1	51830
2	1	52688
3853	338	52958
42	1	55485
5	2	58461
74	4	58682
87	5	58907
444	6	58923
149	3	58952
4290	38	59164
85	1	59361
31	1	60829
169	4	64018
11	1	64053
163	10	131090
13	6	131178
6	3	131444
103	1	131906
958	15	132770
185	12	132881
46	1	133276
7	1	133505
8279	282	133647
46	1	134041
26	1	134090
24	2	135232
7	1	135420
16	3	136121
20	1	136239
1	1	136696
434	19	137363
58726	10	137697
67	1	137996
5	1	138087
4713	89	138245
16	3	138482
10110	123	138754
5	2	139428
62	1	139832
27	4	139989
1	1	140523
603	49	141015
1	1	141611
17	3	141634
5	3	198605
11	3	262490
2	2	263321
91	14	264571
229	20	264637
9	1	266809
119	4	266893
17	1	267239
755	1	267752
1	1	268494
3	1	268572
1	1	269838
1	1	393994
35	1	397142
26	1	3
2511	10	174
2	1	246
288	7	1680
2061	2	2570
1	1	3663
422	1	3853
2	1	4213
752	5	4565
15013	14	4667
70	10	4773
12	1	4922
2	1	5390
52	1	5396
117	3	5580
430	9	5769
186	28	6939
260	1	7116
96	2	7381
120	4	7459
1426	1	7687
355	2	8167
16	1	8359
705	1	8530
2	1	9288
12735	74	9433
112	9	9657
12	1	9833
464	17	9930
15	3	10010
6699	31	10024
265	1	10209
7	2	10299
10	1	11174
5	2	11260
1	1	11340
3	1	12127
69	3	12301
5196	2	12322
51	5	12576
60	1	12611
4	1	13174
18	1	13189
7041	1	13570
14	1	13857
2317084	2	15147
24	4	15962
96	2	15997
19	1	16814
426	17	17072
1	1	17405
6	2	17494
14	10	18004
3018	4	18703
1689	1	19216
111	1	19653
52	11	21433
537	40	22884
351	3	23068
2123	2	25753
14	1	25984
658	1	26271
96	4	28438
4271	7	28716
31	1	29016
4	1	29252
17	1	29487
10	1	29975
97	1	32787
24	1	33064
238	2	33132
16	1	35352
224	1	36524
18	1	36920
92	5	37105
32	2	37461
7244	121	38026
11	3	38256
54	7	38783
12	1	39402
235	1	40237
29	1	40631
24	5	41378
247	4	42337
58378	1	43417
5	1	43885
25	1	44034
12	1	44213
7404	72	45117
4	1	45150
457	33	45305
2	1	46844
2	1	48146
8	1	50995
1	1	51167
30547	14	51964
161	12	52458
3	1	52602
16	3	52995
5	2	55081
2146	4	55785
36	1	57795
1	1	58397
1	1	58552
285	2	58681
25	2	58715
1	1	58824
4541	201	59162
5	1	59276
2167	2	62929
289	7	63963
35	2	63981
965	31	64075
2	1	131285
12	2	131735
16	4	131755
4	1	132143
89	2	132382
6198	30	133043
35	2	133610
436	1	133739
1011	1	133915
32342	413	134033
238	11	134116
152	11	134329
14	3	134869
2	1	134924
212	1	135307
30	1	135446
38	1	135572
11	3	136224
579	7	136334
219	4	137023
228	4	137412
222	1	137448
33	3	138733
36	1	139026
3459	1	139230
3	1	139280
1	1	139879
24	8	140612
36	1	140910
4	1	141185
5	2	197882
11	1	199849
2	1	204748
980	86	209007
33	2	262757
3	2	265631
1	1	269804
1	1	270432
9	5	270433
56	1	328189
1	1	393848
72	1	397832
20140	230	701
32	1	1217
71554	159	1221
127	10	1267
374	2	1341
21	1	2044
1559	9	2386
601	11	3269
1	1	3842
191	5	4764
29	1	5377
30129	4	5488
481	11	6429
58	16	6568
226	1	6576
426	1	8190
24	1	8244
3	1	8586
565	2	8903
140	3	9116
2042	40	9422
168950	204	9431
2380	77	9441
1925	30	9534
13	1	9644
6	2	9812
697	4	10838
63	2	11814
69	1	12350
3	2	13335
309	1	13512
69	1	13760
49	33	14061
10	2	15311
9	1	15582
497	4	16504
616	1	16623
293	1	17306
30	4	17439
312	15	17551
345	1	18045
315	14	18103
3	1	18239
9	1	18708
18	1	22566
6	1	22690
22	1	23088
3	1	23316
58	15	23923
14	4	24109
25536	1658	24139
3	1	24691
9	4	25369
4	1	26978
1036	30	27947
2	1	28049
34	1	28512
93	3	28685
27	1	29314
3	1	29667
1	1	29861
4	1	30633
2	1	30988
51	1	32212
1	1	33652
31	1	34261
57	1	34772
18	1	34820
5	2	34985
19	1	35953
132	4	37358
3	1	38363
1	1	39216
10	1	39647
30	1	40108
25	9	40676
30	1	41105
61	6	43824
51	2	45079
7837	101	45536
356	44	45716
23	1	45950
125	6	46269
8	3	46864
2249	7	46887
4	1	48898
114	1	52362
1504	21	52468
9	1	52925
3	3	53006
4	2	53741
464	16	55330
684	29	55406
193	1	56174
8	1	56329
1822	20	58736
501	27	58768
2	1	58898
4	2	59317
17	1	59989
2	1	60533
42	1	61153
391	1	62753
252	1	63052
152	5	63493
48	24	63949
134	2	63959
68	6	131287
3	1	131686
1130	5	132529
54	1	132712
184	1	132768
3997	8	132787
22131	2	133370
1	1	133674
7	3	133841
2	2	134180
2886	25	134220
234	2	134692
84	1	135332
3032	15	135352
6	2	135750
6	1	136092
27	11	136119
153	6	136463
6	2	136664
1	1	137101
137	10	137554
88	22	138149
16	1	138298
2	1	138775
6	2	138950
18	5	139303
178	2	139375
1	1	139850
80	10	140242
3	3	140316
10	1	141280
119	15	141893
5962	5	205272
35	2	210309
468	53	264668
10	1	265540
138	1	265605
1	1	265668
2	1	269062
1	1	269190
5	1	269308
5	1	327984
220	1	394573
