#Field:count	sourceIPCount	endUserASN
341381	84	4755
5778	13	17882
42	6	18159
198	1	19151
60	4	22047
4	3	40676
6904	26	45410
122	2	52260
2859	48	59362
57	2	133006
2399	7	133075
2	1	138556
3766	1	262570
20	1	15582
1	1	17563
3214732	85	22616
47	1	33964
4	1	38547
40	1	51590
88	1	62011
415	7	131444
43	3	141474
4	1	263790
1	1	266983
14874	8	4049
31984	156	6128
181	5	6453
492	10	6739
1	1	10921
45	1	23601
5362	1	35549
111	7	43766
92	2	60426
1167	87	131717
15326	2	133090
17	6	133287
10654	1	133915
1570	2	134238
2	1	141077
50	2	203689
55	1	266345
56989	2	3561
1163	1	4583
34	2	6157
11581	6	13692
198	9	18207
6733	22	27017
88	2	31126
593	8	38875
5119	2	49229
290239	1	54747
39	2	57269
1097	1	60257
3	1	64307
1535	1	134372
1	1	135181
573	1	135288
190	5	136480
106	1	136803
20	3	137653
65	6	138320
55	3	139711
2813	4	262207
172	3	263327
761	2	270058
1337	15	3269
10823	172	9245
40731	421	17465
5	2	19254
307	1	22186
12	1	28458
24	1	40631
3	2	58065
51	4	63493
439	1	133101
9	2	133354
4884	11	134294
162	6	135517
6	2	138384
281	18	138557
439	10	140732
133	10	199276
108	2	201874
7	1	263456
715	5	266802
333	2	3855
10	1	6042
436	2	7049
111	1	10821
393	1	18219
85	2	38197
30	1	39577
237	6	46269
7	3	59156
102	3	133854
969	18	136719
4	1	137692
105	16	206119
23791	2	1239
20166	3	3300
9	2	4764
1315	12	4766
117	4	11556
208	13	18196
415	1	24373
85	1	24677
10	1	31205
42	1	52280
12	1	52503
95	3	58590
343	1	132443
6	1	134946
2	1	136419
172	5	140608
494	2	264696
3	2	668
4	1	7991
17	11	9541
189	2	23487
462	1	33042
4	1	33070
371	10	52228
8	1	54600
1869	20	58966
142	3	133756
17	4	134837
338	1	135332
5	1	141051
12	1	13156
16	1	16169
543	3	16326
264	1	21088
28	1	26190
5	1	37123
25	8	45498
1	1	139549
222	1	203877
182	42	17557
1	1	21513
10	1	22883
317	1	26478
1827	1	35313
2	2	38713
8	1	43885
6	2	45184
7331	8	45458
16	1	135724
25	2	136336
46	1	136620
416	13	136639
45431	3	2510
294	7	7470
5467	9	9503
10445	3	9989
180	6	11342
6088	3	11985
58	1	18872
6	1	24492
40	2	28080
3625	1	30383
357	4	45079
263	5	58594
79	1	131210
26	2	134884
6561	23	136200
48	1	263140
3	1	268494
960	2	564
772	6	4058
166016	30	4515
828	4	7459
2697	3	17145
238	1	20477
133	16	38500
1089	2	136271
141	2	137570
263	4	202940
2222752	151	1226
2	1	1540
32143	9	3741
17	1	4621
9	1	9321
8	1	42926
3	1	43722
91	2	45289
1	1	133007
9300	63	133590
940	22	136557
105	1	136965
3	1	138084
99	3	269351
28	1	2152
8275	816	7713
38	3	8374
274	1	10242
2294	1	20018
331	3	21050
178	1	21541
34	1	24023
220	1	33353
1	1	46562
235	11	55693
604	18	131090
98	1	134178
569	1	136493
6	5	138612
17	3	263276
11	2	267685
13	9	8048
8	1	9370
951	4	14115
24	1	14345
21444	294	17623
18478	18	17676
20282	100	18229
104	1	27708
10	1	28126
18	1	29091
1	1	45224
51239	11	51964
2318	1	56307
3	1	59274
9546	2	62929
1	1	137693
400	21	137889
75	21	138651
53	1	262197
283	1	264654
51	1	327950
4579	1	12843
95	5	17469
94	1	17739
1175	1	18666
2	1	54215
2453	239	55990
224	31	63859
6	1	134945
3	1	135480
62	2	135722
4	1	137260
70	1	137540
2	1	141194
840	1	266875
146	1	394451
3	1	12797
2721	4	14051
2139	1	18530
28	5	45769
312831	3	64096
1768	1	133739
7	2	134659
11	1	135090
44	8	137580
42	1	199270
2821	10	327987
172	1	11478
8097	1	11540
2825	5	23243
7551	8	28716
75	3	49136
30	1	59443
33	10	262854
8	1	1741
256	2	3488
130	1	7403
2	2	10310
2513	4	24863
2387	13	30036
12	1	35352
4911	196	55853
7	1	60060
4	1	679
1633	1	11734
118	4	12576
7472	21	18015
242	2	19905
54	1	26801
3933	8	33915
2	2	37517
212	2	37919
6054	36	45899
424983	832	55850
38	1	131906
2	1	220
788930	346	4812
2	1	8426
435	4	8437
2	1	17911
708	10	18747
3011	33	24432
561	12	30689
784	4	33749
534	9	38235
99	5	58717
4	1	136425
13	1	138394
45	3	138694
76429	134	4847
337	1	7224
2325777	6	14762
378	1	15121
49	6	17436
308	2	17542
6442	108	24342
31	2	32098
1010	10	55555
1	1	132652
1054	6	133720
137	2	133894
29293	58	134141
18	5	139223
384	2	210309
5	1	262195
176	1	270087
382	1	397635
57	1	398391
167553	156	1221
7526	2	10032
1760	12	12083
9007	23	14259
6424	9	19739
1931	10	20057
18437	150	24323
2854	1	25562
1086	2	36534
3288	1	40154
64	1	43460
582	7	133928
3	1	135887
22634	1	201730
47	3	206798
8	1	267803
10506	1	81
140649	128	1759
190	4	7418
5	1	9812
62	3	13189
1264	27	18046
7300	3	18703
11329	1	22897
72101	22	23905
70	4	38191
173	1	63855
29	7	132165
4825	1	132526
64	2	135572
238	2	135607
4	1	138443
304	8	197897
6	1	200402
1	1	262932
2	1	263663
10503	45	1749
1116	1	4473
1	1	17539
453	1	23465
1	1	32489
1	1	38011
16	3	51407
4	3	51430
15	2	52286
17	2	63957
20	5	132947
81	1	136592
105	4	140847
2	1	141326
5	1	395632
6361	7	719
48	2	6535
13108425	12	9619
12	1	9814
2	1	14463
6	1	17405
1	1	25780
4	1	37075
3	1	42845
19301	255	45916
54437	277	134033
11	1	139418
8	1	139904
16	1	141262
69	3	2586
368	3	13296
46	4	19447
1611	1	26950
10	2	28536
49	1	44671
1	1	48146
6	1	51055
228	2	132829
728	16	133645
46	1	137885
71	19	199312
1	1	1506
73785	6	5488
1	1	6407
58	2	6501
713	15	12874
686	1	21817
3165	2	26579
311	12	41564
150507	270	45102
4159	6	45641
7	1	46846
1	1	131445
2	1	132344
4	4	202699
1	1	6821
7692	5	7358
6	1	7843
11	5	9329
1754	5	24005
6	1	38834
447	2	42943
13	6	58926
2	1	132351
3620	26	133878
5	2	133900
12	1	139004
170	16	24186
68	2	30039
820	2	30164
6	1	45144
1	1	52444
169	2	54614
45	3	136873
24	2	138432
2	1	198203
13901	46	3215
2	1	9937
140	1	19076
4	1	22787
1795	1	26838
1	1	28048
1	1	45499
744	36	50710
10	1	58862
2	1	134226
163	1	139822
91	7	139870
2962	12	4185
999	10	9304
740	4	11845
48	1	13237
158	1	23550
4	1	23994
1062	1	25039
5045	13	28556
83	2	45459
1212	19	45648
404	6	55524
5	2	135247
440	21	135478
3	1	136696
2	1	137704
21	4	268942
2	1	328319
7	3	132
4	2	6621
33	1	12826
82	1	21339
4	1	32342
24738	43	38794
485533	232	45267
13306	77	45536
11	1	59895
723	1	131790
1746	94	132960
31	3	133082
43	1	201321
85	1	203568
47374	7	703
8745	9	6503
661	8	8968
228368	3	10010
3823	4	11232
249	20	58558
16	2	133309
65	3	134749
95	1	138431
1777	3	263725
2	1	680
68	1	3456
283	2	6713
3057	1	14230
145	1	14363
462	1	21369
509	2	26793
185	7	27747
39	4	39010
39	1	42382
1	1	63128
6	3	132045
1147	22	135339
4814	7	137267
1	1	140849
1	1	8100
2	1	12257
26	2	17378
3097	35	17551
2	2	17726
4243	4	18566
105	1	19281
4053	1	21054
66	1	25716
16	1	27046
6	1	35110
2	1	43350
1105	15	55330
20	2	55485
28743	861	58369
23	3	132525
1	1	137396
1	1	138730
371	5	139758
14	8	140321
74	1	140546
235	4	266967
47	3	1901
33986	79	3549
1066	2	4454
28	3	17429
489697	2	38258
274	1	45677
19565	767	45804
9	2	46844
23800	75	56048
107	4	57743
46	2	63617
2	1	134621
4	1	138231
13	7	138655
77	4	138801
3	1	139464
69	1	205473
12	1	328471
66	1	1653
205	1	4694
120617	22	17477
176973	1	19452
598	4	23089
109	2	37461
2	1	38055
1	1	135139
20	1	139762
1	1	141439
1	1	262287
91	2	263774
374	3	803
343	3	4739
8	1	5603
882	2	8903
26	1	9801
6776	2	13977
39	1	24921
79	2	36715
1	1	50973
1086	1	51200
525	1	55884
37098	216	56268
14116	28	132449
31	2	132529
6321	45	132857
30	3	136654
3	1	138083
130	10	139850
1092389	1	202161
3	1	269771
2	1	1541
1282195	4	4725
147	7	8781
104	1	9119
4223	1	11971
5	1	20912
791	42	24444
941	2	24539
1398	3	28729
8459	2	33064
16	1	34086
1	1	42090
41	4	51207
30	1	134270
326	13	264637
1202	1	3853
20	1	8047
104942	2	11309
1700	3	12942
514	2	16050
253	2	16814
3786	248	17470
220	4	23853
100	4	24122
26	1	27773
4	1	32195
2	1	38363
9098	4	56294
4	1	139071
8	1	267715
8	1	268149
510	2	9797
720	83	12735
1367	17	17072
551	3	19114
2	1	21277
557	7	25951
2646	10	27796
54728	1	32099
44	1	35981
6	1	42973
76	1	134264
9	1	135360
101	9	136723
2020	32	6830
481	6	9116
4	1	10273
561123	6	10967
52	4	12455
414	15	13489
122	1	17971
206	2	22709
1287	1	25929
10	1	40458
144	1	45687
1	1	45924
141	1	48634
146	15	58895
1777	11	133234
42	1	134756
5183	57	135817
180	2	138561
20589	1	139050
2	1	140711
8	1	210116
101	8	1267
5950	1	2013
683	6	20650
961441	6	22252
50	1	24187
2	1	24253
4	1	38138
23	2	38478
60	1	40051
158	1	45445
16	1	59807
257	3	131198
193	6	135206
17989	75	136795
167	2	138296
7140	1	138499
890	1	269729
46	1	9310
52	3	20771
731	1	24331
161	1	28680
4	1	29170
1	1	35444
1	1	36866
18	1	37559
17	1	44819
63	1	45905
924765	7900	55836
41	2	64053
4349	21	134220
3	1	137891
79	3	139007
143	1	395137
305	2	15502
182	1	15997
126	3	17970
177	4	23949
76	2	64012
2399	3	132023
1585	3	266755
148	33	267738
9	1	5588
30	2	6697
137	2	7633
84	1	7754
152	1	13717
415	5	36937
4079	5	37282
4790	1	48728
10389	10	134378
9	1	137633
34	1	263795
432	1	2665
25	1	3790
9782	2	12322
21653	2	18539
2858	27	21928
10328	39	24028
526	8	28548
1710	30	38614
12	1	45763
147191	73	52468
1193	7	58411
3	1	63967
1	1	134520
12	3	138043
190	6	139310
4	1	209540
332	3	264719
315	2	9809
316	18	23969
16	1	25417
114	1	30087
358	1	37150
11	3	53102
8	2	54574
2	1	55461
395	5	58923
4	2	64300
1	1	131745
64	6	133988
538	9	134967
60	7	139405
1	1	203020
3	1	269308
547390	12539	4837
99	4	6871
797	1	9509
2316	4	9658
175	1	10219
752	1	12009
2	1	13280
146	2	13649
1	1	24033
179	2	28186
2	2	32780
32	2	37680
21	1	52602
1195	48	55341
4029	1	55570
26	1	132957
4	2	138172
42	1	140145
3	2	206092
42	2	2905
4368	1	4046
138	1	4609
135	12	9583
220	4	9911
7	2	11260
636	1	14511
179	6	18434
629	1	32408
14	1	38764
253	1	55780
1082	44	131111
11	1	137443
1	1	137939
1648	2	138005
20	1	327983
780	104	385
1172	10	1680
225	6	2688
777	4	2828
130391	3	3902
577	5	4983
558	76	9829
34	2	10299
51	6	10481
13	2	14522
13876	28	17492
531	1	21571
11	5	23923
75	1	43939
6	1	44213
19	7	52361
1082	1	55259
130	4	64063
4	1	133284
17	1	134845
1224	2	135307
10	1	139588
3366	1	1449
94	1	7116
74306	1	13205
8	1	20928
18	1	24363
37	6	42863
10	1	44369
21	1	44814
2023	8	58423
1855	58	133752
1712	1	135127
3	1	136377
227	4	262184
848	1	265873
9	1	269183
50183	1	2539
16762	7	4657
413	8	8473
1546	11	12252
18258	48	14615
2343	24	14754
5198457	2	22703
130	1	27856
3	1	29995
22	2	35612
14378	9	38022
21	1	47984
46218	1	55157
23	2	138311
11	2	138754
66	1	202116
304	2	22646
8	1	24549
8	1	25400
2	1	27343
728	82	34984
22	1	54201
834	2	55702
84973	976	58969
1	1	133997
9	2	139282
5	2	139409
2	1	328611
10	1	2897
3	2	4868
177	4	7642
7699	13	9268
6	1	9389
96	1	20116
207	2	29684
26	4	37105
38	23	45271
30	1	51038
169	6	58907
36	1	59989
89	4	131459
890	89	209007
16	1	263694
8	1	266621
219071	683	5432
75	2	5645
628	11	9930
255	2	12301
4	2	13285
12	1	19165
290	1	20328
14	1	36502
545	3	62347
773	41	131749
653	6	133887
38	27	138509
5	2	140077
539	3	328214
131	1	328708
1728	15	6619
638	1	15225
8	1	32110
1	1	36236
55	1	37076
7	2	38769
36	7	55577
1	1	56246
3	2	134540
513	1	134861
2940	9	135393
1	1	135563
1034	19	137088
20869	1	138915
191831	117	396982
1903	8	4750
275229	4	24318
8	1	45925
30	1	47253
1381	7	55715
151	2	58505
1	1	132774
337	2	134878
26	1	135654
8	1	136395
139	1	8103
60815	1306	10013
2	1	38315
29	2	59155
2	1	135407
2	1	138761
5	2	141128
30	1	205409
2606	31	2527
583	1	7194
2	1	12222
6	1	13043
188	1	17210
55	1	17222
2637	26	17638
6	1	21814
164	2	26937
66	1	28316
688	4	30600
2	1	31027
2	1	38372
6	1	42925
27	5	132453
5295	8	263762
20	1	266233
2	1	3916
6	1	24532
516	1	32444
5134	1	32805
24	2	36920
91	1	40108
86	4	44395
22	1	55423
3	2	131596
207	16	136698
1	1	138828
1	1	139236
45	2	139958
2	1	140680
167	1	262179
4	1	393513
66	22	4152
68	3	9657
1056	1	16669
113	17	21433
1092	37	22884
5353	1	37005
288	3	38195
12	4	60068
915	25	61592
1402	38	131227
10	2	131267
2096	10	132007
1	1	135130
11	4	136257
20	1	262784
143	1	397832
20859	7	2519
12093772	4	3379
18	1	8487
542	2	10794
236	1	11635
3	3	13213
21	4	20676
24	1	42010
4	1	132924
1	1	265147
338150	1071	812
281	31	9500
912	1	11003
256	1	17211
16	1	30710
47	1	32665
4	1	42652
1219	51	45725
7	1	134524
14	4	135718
2	1	394746
6	1	3482
2145	1	4352
53915	13	17390
33	1	27876
4	1	30491
5158	2	32413
1785	21	63526
1	1	63930
58	4	134674
150	14	264571
4728	6	398053
14	1	7349
615	1	18378
1	1	34356
4	1	37649
192	4	45661
17	1	64027
3	1	64074
7	1	133890
1	1	137957
33	7	138089
901	1	138973
11	2	140980
12	1	200656
4	1	268491
4	1	327828
12	1	559
80537	2	4680
133	1	8147
941	103	17451
372	1	21093
997	5	21859
58	1	22411
19	2	24182
1094	1	36393
472	2	46186
14	1	48898
24674	2	55567
12	4	132692
1939	49	132778
37	11	134764
2	1	264387
209	2	270938
46	1	393871
992	1	6646
2125	6	8167
14	2	9238
8	1	11596
9	1	17223
697	9	17666
3	1	18059
7	1	18708
9	2	24364
1250	2	30372
34	1	37563
3023	515	58224
1	1	135746
18	1	328092
79	5	11664
187	1	12177
66	1	17753
67404	4	23148
9498	1	23916
121	4	23951
3131	25	27699
2656	10	27843
236	4	56300
23	4	58397
2761	4	63920
123	1	133844
15	2	135370
1514	16	138823
190	6	139043
103	3	265646
64	4	268771
4	1	1479
137604	2	5635
301	8	7497
7	1	17968
40	11	20473
2	2	20978
209417	1	34576
15	1	51043
38	3	58597
9	5	133798
8	1	138716
1	1	140380
232	1	6077
4021	18	9534
364	5	13110
244	3	15108
962	1	19551
753	2	23650
1289	2	30174
3489	1	45491
10616	22	58666
261	18	134702
53	14	135455
48	1	136993
67	3	328659
186139	583	7922
5078	3	17054
30	1	25993
1	1	27668
1	1	29838
309	1	132923
77	2	137883
224	1	209799
1	1	264446
1872	2	1747
6503530	7	6253
541	55	6400
36	1	7988
2	1	22644
64	3	24757
354	1	26133
687	20	38203
494	3	45179
731	2	49816
6	1	53211
936	2	135415
12	2	141227
4274	1	7068
982	2	9466
57	27	18004
653	5	24068
18	1	28657
1	1	38778
4	1	48794
1680	4	55996
24	1	132145
88	1	135047
4	1	137827
1	1	264531
60	2	395516
17363	4	125
6	1	399
18689	5	702
14	2	4249
5628	19	4775
290	2	5602
7	1	8386
643	1	8492
1764	1	8586
3574	1	9536
20	2	9678
160	1	12310
353	1	17471
39	2	19443
65	11	23860
6	2	24282
708	2	28022
18	1	30999
70	1	52337
3	1	134271
58	6	138755
1	1	395954
4	1	2518
11	1	6404
55	1	40927
10	1	52555
7	2	56110
390	1	60718
2	1	133115
3193	10	135391
16	1	138886
62	1	204642
28	1	8228
11706	4	10146
426	3	25605
62	3	35228
3	1	37182
31	2	38030
2	1	45294
3307	43	46023
120	6	131287
1	1	131293
52	1	140427
1	1	197981
2	1	268308
112	7	6866
1597	2	11349
6	1	11829
6	2	13782
3	2	20868
18203	9	131291
1	1	133468
590	5	136463
2	1	139955
6	1	265355
26	1	266520
12	1	1819
4	1	7679
6263	16	14299
6541	9	16629
14370	144	23688
318	2	31939
15	1	37081
1465	56	38067
4	1	54635
3190	25	136494
15	2	140502
2	2	141067
36	1	196978
30	3	203554
4	2	2631
85	12	4760
6	1	5578
924	5	7600
861	2	10264
131	2	13682
241	35	17488
686	1	24291
258	1	27696
2863	1	50432
2	1	58477
524	2	132382
144	2	136651
47037	1	394612
104	2	6300
8	1	7810
981	4	10838
148	2	11081
176970	1101	17621
170	14	17885
34	2	23901
52	2	28668
12779	1	33680
4588	5	37965
8	1	134134
3459	34	136907
19	1	137117
7576	5	262145
12	1	262838
3	1	264229
230	1	763
18	1	8339
111	1	8368
34321	1	17473
232	21	18881
1	1	22140
23	1	37054
76	1	54989
10	1	58444
11	2	58691
65	2	63981
1538	10	133726
1	1	133989
546	42	136065
26	2	199942
44	1	9365
6293	44	10796
446	4	21789
275	2	22438
337	3	23002
6	1	38379
9785	45	56272
2	1	63371
29	1	134869
35	8	138621
1	1	140607
130	1	262199
2	1	268427
3	1	4318
470	5	7106
333840	11	9381
258	1	17306
12	1	17389
783	14	24835
3	1	27717
861	1	33218
2	1	40872
40	1	45143
3	1	52687
271	1	58906
170	8	137554
6	1	138383
54	1	198548
30	1	265575
3	1	328490
215614	403	270
7316	30	7029
20	1	9614
42	2	14291
22	2	22332
1263	36	24400
1	1	28255
2547739	2	46564
56	1	53373
28	1	55769
78845	433	133579
80	11	136720
340	1	394974
18	1	6752
2	1	10837
12	1	16868
2220	23	23655
5	1	24479
186	1	24771
49	4	30873
281	3	42298
42	3	48847
2	1	52308
192	1	54665
164	1	59050
2	1	134014
857	5	134599
819	1	135386
1	1	138758
318	2	139490
33120	1	3389
12	1	7057
51	1	11680
43	19	14061
10	1	18271
376	1	19622
269	1	21019
10	1	206814
394	7	10318
19	3	18678
3	1	19310
6	1	19421
1	1	29238
59532	235	33588
195211	11	33930
301641	4	54478
22808	417	132116
434	1	140144
18	1	394452
150	1	1423
347	1	13943
220	1	16032
1580	2	24012
30	1	27364
1	1	37074
13	1	38341
2	1	47172
115	13	58474
249	1	63052
159	7	131697
65	5	133633
44	1	137107
2	1	137263
2	1	138627
3479496	296	297
236	3	12400
7	2	19182
947	1	22608
603	1	29571
1	1	37252
3273	2	38294
4	1	48540
15	4	134596
42	4	136780
56	1	140840
8	1	204722
11	1	265727
1	1	270009
1	1	4237
13652	14	9318
3	1	11511
651	3	15036
13	1	25617
2	1	28349
5	1	32787
12	1	38803
8	1	54363
16	1	58682
652	1	59717
79	5	134329
8	1	136168
370	1	6296
152	1	14813
24933	101	22773
61	1	26425
51	3	28006
104	1	38172
233	1	46690
10	1	54438
2	1	133782
2	2	134043
7	2	139981
93	1	263023
1	1	266413
22	1	1701
268	2	5056
78	1	12353
73	2	20880
174	1	26123
331	13	28573
2861	21	36692
25	1	37141
159	1	40111
5	4	58524
12	2	136198
71	1	262239
893	1	3096
44335	59	9303
4788	59	9341
247	4	14178
27	2	17301
3245	70	18199
44	1	27357
1	1	28260
8463	109	38320
232	2	45650
141	1	47444
2	1	56283
986	4	58466
1423	2	133920
1	1	138397
26	3	139667
30	1	263737
25	1	10075
6	1	11976
6	1	13737
32	1	17750
194	2	18233
480	1	26166
363	5	42961
20	6	55824
44	2	59150
509	75	59340
1328	11	64073
550	3	132130
1	1	134371
2	1	136575
729	16	138315
5713	1	200291
285	21	4538
492	1	7246
19	6	10029
492	13	13999
138	5	16637
1	1	17917
45	2	18822
35	1	18880
136	2	24173
192	1	27555
45	1	32886
23	1	37305
1190	4	53828
14943	97	132255
1	1	132976
123	1	134411
281	3	135076
618	2	203209
16	2	265612
8	5	7131
361	1	10455
421	1	16588
14	1	16696
288	1	21147
2089	26	25019
3	2	28360
14282	3	35104
1	1	38592
61789	3	45430
24	1	51935
20436	1	55747
20	1	62964
1	1	134204
1	1	135699
11	2	136078
7183	25	138189
8	1	139013
10	1	139352
6	1	140310
14	1	198206
5201	4	263824
34	4	266893
4711	32	577
172	2	9650
46468	91	10269
671	1	14955
370	3	16735
64	3	17648
1	1	58561
2554	21	58689
135	5	140080
39	3	270340
169	1	5413
1085	48	7552
204	9	9269
3	1	15491
12	2	25762
2764	1	45164
261	11	132438
11432	96	134732
12	2	137331
47	1	141155
8134	1	204256
4	2	206495
6	1	265290
60	1	397354
100	1	397790
116	1	10200
292	1	11138
672	2	16504
73	6	17511
514	1	19834
36	6	20207
3	2	21856
1894	30	27947
143	1	29487
78	2	134594
8	2	266761
10	1	267947
110	1	395461
471	3	7046
8	2	15704
104	14	17747
2	1	17775
1668	13	18403
16	1	23201
7680	7	28878
1	1	29247
1130	1	45518
9	2	58826
11789	71	133001
57	2	264825
290	1	269884
6358	22	3209
6	1	6112
664	1	6979
1	1	17916
4	1	19773
60	3	21949
45	1	25972
55	2	27759
362	1	31122
74	3	38201
96	1	38906
5767	10	131476
6	1	133762
16	1	199706
1269	51	264668
4428	10	2386
1	1	4758
122	1	13807
393296	15	14618
72	3	17501
72	1	37004
8	1	37347
6	1	45758
995	1	62915
32	1	136814
62	1	137829
456	3	138718
538	2	262814
46	8	263230
6488	31	3352
957	1	14677
44	3	45415
135	1	135373
60	3	136262
974	1	397412
2818355	3	18846
24	1	19137
1244	1	22899
402	9	23944
56934	99	45177
2	1	52995
2186	11	58519
32	2	63962
387	5	64018
1	1	131477
192	4	135025
1	1	138983
12	1	266646
305	3	3303
172	2	14109
294	2	14265
53	1	24391
5	1	26363
530	1	29467
18	1	42772
446	203	45609
2159	20	58736
1	1	133228
3441	28	133685
245	1	137268
10012	32	7545
3	1	9387
714019	3	26554
4370	2	34235
11	1	36551
54	3	38750
1153	23	58768
26	1	133177
565	1	134877
40	1	137888
2	2	197207
584	6	328244
24	1	5391
2604	13	6079
12	1	9712
32	1	11870
270	7	14080
4	1	23844
705	3	36994
46	3	37284
74	1	37564
41	11	45245
30	1	55956
435	8	58945
1618	1	133108
904	4	135132
4	1	139343
59	11	140122
23	6	266769
4	1	9823
2	1	24869
56	5	28586
307	2	35432
610	5	46375
274	1	53508
3614	2	131893
72	2	136646
82	1	138221
46	2	266809
288	1	269989
569	1	328548
39941	123	209
21487	2	3423
577	1	8530
8399	45	16591
10740	1	19801
12	3	24109
28	5	24940
3462	3	55785
57	5	132585
1	1	135851
126	13	137138
2	1	137342
299	6	139239
115	2	262916
14	1	269426
399	8	721
129	4	2110
2627	16	8220
3	1	9371
1110	1	21691
3	1	23750
544	1	26271
287	2	27742
694	18	37611
44	3	58404
36	2	59317
186	11	133982
3	1	135253
5	1	138134
54	1	263626
1700	3	265684
12	1	266336
121	1	267713
116923	136	1843
97	2	3491
1902	1	3923
18843	8	11172
166	1	27216
13	2	27839
1	1	28087
656	3	31655
1	1	37228
303	1	46353
147636	6	52263
1	1	135124
4	2	136103
26	1	4613
8773	30	6167
552	1	9283
352	32	9790
17394	10	9822
68	5	10991
3	1	12042
1	1	17147
53	9	18209
583	6	22724
386	1	26989
24	1	32040
447	1	45558
264	6	64315
1077	2	133606
243	6	137340
60	2	5396
466	1	7098
480	11	38019
53295	413	133384
93	2	134648
1	1	199524
1471	7	2686
2292	12	11492
14	1	17894
358	2	24154
2	1	32824
1	1	38058
4800	25	38529
145	6	43824
46	15	47331
2	1	53062
469	3	132615
179	1	133506
28	6	137526
53	7	262296
31	2	264835
8	1	265540
228	2	12399
5	1	22363
3713	41	24398
459	24	45475
72	1	54559
6901	1	60788
23	3	138001
313	11	138701
1581	2	265780
6	2	246
9	1	7602
147	1	9021
180	5	9824
55	1	16700
4	1	19747
50	1	21574
2404	10	47377
847	8	134676
38	2	138130
203	2	141358
31	2	197638
1	1	267224
3	1	396000
43	1	4922
259	1	9166
34	1	12389
45	2	12578
18	2	26592
4	1	28094
102	6	30722
283	23	37542
41	5	40339
19	1	59361
3	2	131706
1370	1	135964
7	2	137101
11	4	140384
183	2	202713
31	2	264186
26	4	269139
2335	4	1273
146	7	10620
1173	1	17310
4	1	17807
200	5	24324
44	1	25081
6	1	26334
18	11	27926
1236	1	34774
148	10	38623
134	2	39939
521	28	55814
3	1	59043
18	8	59167
67	2	59365
23	5	64024
6	1	131324
1	1	137823
14	1	4282
28	2	4780
353	1	6576
177	1	8399
987	1	15450
24	1	15659
4	1	33372
27	1	51313
353	2	58681
21	1	58963
2	1	59282
3856	8	59346
8	1	134315
869	2	135328
6021	12	135352
1	1	136022
2	2	262833
10	1	4693
6510	83	6848
2039	18	9988
64480	3	14279
33	2	18267
407	12	23956
156	1	35953
72	1	47563
726	1	49063
325	6	55714
3355	37	58495
4	1	133580
1	1	136288
14	1	136426
12	2	139423
43	1	206206
75	3	1828
2	1	7160
2	1	9578
15967	13	13150
6	1	14630
12	1	17229
119	10	24481
4	1	38793
113344	22	58376
619	1	132240
16	1	136879
1	1	140611
53	4	202561
147	4	109
4	1	8402
3	1	21973
110	1	23503
443	2	27264
241	4	28118
108	1	34946
1596	13	38901
159	2	48832
9	1	62943
4	1	135385
371	1	136550
292	8	205254
18	1	327750
22	1	2161
10	2	3292
121	9	3573
600	6	5713
27	4	9830
57	1	12085
361	9	23694
8560	80	23955
12	1	24084
56	1	36223
16	1	38765
1	1	49981
22	2	51561
2649	1	134081
20	2	136556
4	2	138100
311	4	262906
2637	13	11351
32	1	12975
79	2	15311
1416	1	15707
1301	9	23673
1197	92	27901
2	1	33482
163	2	38896
711	11	45316
335	1	50628
125	1	59955
1	1	64029
335	1	135358
16	1	138187
152	11	138574
2	1	140061
10302	32	140174
6	1	205561
13	1	206082
2449	3	264764
5693	21	3257
5141	9	4637
145	9	6471
286	1	16525
78	1	17195
50	1	17955
1863	185	17962
208	1	18206
147	6	21887
51	1	26375
77	3	38174
6	1	38565
207	1	53903
145	4	58424
3	3	136525
4	1	137925
1	1	139841
100	29	204834
154238	461	7018
224	2	16685
672	1	18045
1295	12	22284
1	1	53741
16	1	54593
933	10	133275
12	2	134715
14	3	136119
233	12	136674
209	2	201991
8	2	264857
6202	42	9422
77	3	15399
171	2	17964
1	1	18239
52	3	19863
50	20	24203
72	1	39961
4	1	41275
1429	7	46163
15729	130	58678
599	8	63963
3	2	131269
5503	7	133929
250	1	134116
203	1	137448
1	1	138064
542	5	6799
2888	38	9121
795	3	13576
23	4	17727
6	1	20294
2	1	21763
3425	2	36590
82	1	44407
1	1	46078
4	1	47171
142479	115	55947
3	1	61675
4268	15	134359
203	17	137689
65512	5	2514
1166	11	5972
211469	30	10022
4809	13	17995
265	3	24207
1201616	2	35163
48	1	36974
6	1	45061
6418	122	56040
90	2	56329
1	1	133380
597	8	5769
59	1	19614
9	8	23674
16	1	27953
173	1	28685
183	1	28723
5	1	38564
18	1	44786
112	4	45194
1082	4	131296
1735	53	133480
3	2	133800
38	1	135405
61	2	137572
119	3	262210
4	1	9893
48	3	11014
1303	1	12708
8	1	20255
124	1	21127
341	1	36317
4	1	38150
300	12	38566
1	1	38767
2	1	55563
328	2	138997
404	2	262191
230	2	263170
4	1	263817
795	11	6461
1894	11	21724
150286	2	23349
139	2	28509
1	1	28598
19783	9	45215
39	1	53167
19745	153	55862
3709	367	58659
2	1	131179
8	1	133977
2298	1	139306
6	2	139814
11	1	140405
5	1	204170
2	1	264800
279	17	269788
428	1	397672
31	4	6181
315	3	11245
103	1	17033
638	6	19429
12	2	23820
27	2	28329
18	1	29600
1418	1	41176
35	2	48309
8	1	53444
36	1	54646
613254	76	132203
19620	47	132556
396	3	133648
2	1	140317
86	1	3326
104	5	4795
4	1	5619
77	4	8767
73825	48	18106
41	1	29736
26	1	30202
87	1	52471
31660	6	53766
257555	93	56186
2036485	10	62802
95	7	63844
5	5	133557
36	1	134167
1215	14	134841
48	6	266201
176	2	328237
351	3	4685
594	5	8400
195	1	10209
12	1	13768
1	1	16322
185	2	17386
94	10	17670
78	1	19158
10	1	21947
144	2	25899
83	2	29314
971	9	36351
12	2	37385
2	1	37671
18050	4	58453
87	1	133055
73	3	133248
6	3	136897
870	3	263246
44	1	2280
25	1	6419
1329	19	8708
34138	3	10143
6	1	11378
458	2	24558
25	1	38162
365	1	45062
14392	140	45326
6	1	46864
10	1	47474
16	2	53524
223	13	56242
2	2	132641
961	38	133647
124194	52	135069
306	1	4010
6	1	6102
62	2	14327
42637	1511	24139
46729	100	24183
16	1	37119
179	1	46616
19	7	56046
3343	173	56233
18	1	59151
72	2	131331
12	1	136024
183	5	136255
2	1	138835
22	1	141314
524	2	266692
2117	7	4565
43	3	8447
2	1	10617
35	2	27653
4	1	38193
6	1	42687
1	1	45655
308	11	132881
9	1	203435
80	17	204166
1	1	3842
694	9	9506
166252	515	11426
2748	1	16906
20	1	17073
669	1	19653
68	4	29465
36	1	32537
2442	7	38437
12	1	50995
20	4	58461
34	18	59257
142	3	134768
11	2	135477
33	2	263310
344	1	269736
1369409	3	1678
83	2	2860
69	2	10082
91	1	11486
264	1	13693
18	1	14454
21935	3	25753
61	1	25923
6	1	37653
6	1	38450
530	2	135555
8	1	138520
18	1	138546
41	2	139601
2	1	141461
697	1	395694
4504	25	12271
28698	1	13570
7370	1	20141
2	1	59249
55	2	61745
16	2	131337
1523	2	133388
1	1	137449
297	13	137568
7	5	141225
137	1	201394
41	2	264360
6	1	393433
58	2	1853
2	2	2535
6	3	4785
302	11	4800
53	3	7565
786	47	9873
1685002	11	22460
19	2	23664
10	1	29396
4	3	44244
120	1	52330
22	5	64050
170	14	131464
2750	2	133451
1184	3	134036
4	2	137967
14526	6	263698
6	1	327901
116086	1	2907
195	4	4618
20526	2	6949
605	2	8190
13453	542	9808
21	3	12312
24020	310	17622
3	1	33576
95	1	34660
30	2	37088
2	1	37133
27	2	39402
89	6	63969
162	9	136514
8	3	139656
10541	5	205272
393	2	264310
6	4	264913
813	2	395301
210	1	14365
986	1	17887
5374	1	38319
8365	1	48744
3	1	56060
13956	5	58511
6	1	135872
107	2	136216
28282	4	263749
10	1	1474
126	2	12479
18	1	13036
10	1	21430
72	1	23125
9	1	23878
48	1	27287
3	2	28331
4	1	40391
63	2	43561
94	1	53184
37	2	134301
242	3	134429
22	2	140030
1	1	141423
22062	9	265636
146437	29	2516
201	4	17421
77	13	22927
188	1	26198
286	1	36645
101	7	38562
36	2	42841
656	33	45305
10	1	54446
7655	59	132996
303	12	135783
7	1	140594
101	5	201984
24	1	395597
965	6	852
1	1	1213
16736	63	5650
979820	12	7862
7156	115	9299
7150	191	9326
314	3	10212
7	1	23316
18327	4	26072
76	1	31869
4	1	32525
1643	1	33132
29	1	50463
6	1	52965
1	1	131711
34208	2	132576
1591	26	133192
15	1	135756
8	1	135923
92	2	5378
24	8	16276
10012	2	17792
247	1	19605
8632	81	45637
375	1	45737
12	1	58543
661	16	64075
1893	55	136716
397	6	136722
2	1	140591
1	1	209424
7616	11	6327
399	6	6429
3062	8	7474
41115	7	10879
57	4	16284
24	1	18809
175	1	23138
231	12	24523
71	1	25620
1	1	27887
690	19	30844
6	1	35289
81	2	37094
10	1	48423
216	4	51343
4	1	52371
90685	1337	4134
5601	1	16641
559	1	17064
9	1	21570
1	1	23872
10	3	29119
2634	20	38192
104	1	42160
84	1	42864
15	1	44869
448	63	55427
40	7	55799
12	1	139276
1	1	263314
118	5	269401
113	1	328125
198	8	4
1751	30	3462
77	3	11676
40	2	13636
16	1	16524
719	2	19180
4	1	25853
1310	4	27064
37	6	55699
4	1	58073
8	1	265582
12	1	395046
113	1	1931
11898	205	8151
9	2	9208
161	2	13325
12	1	16117
113	6	18021
159	6	18101
3952	1	19216
275	12	27951
4514	34	55256
4	3	135420
4	1	139340
626	4	327933
111479	4	1299
14	1	6412
4	4	8560
35	1	8983
633	9	9902
52918	4	10753
37	8	12392
86	6	14868
1369	1	15343
7	1	63852
1924	1	132720
16	1	133107
21	1	133414
6	1	134277
102	9	135228
1	1	137836
99	1	197524
8	1	7162
240	1	7298
300	1	7599
16	1	9125
295	2	12361
1	1	15897
26	1	17759
22	1	22466
115	4	27882
46	1	31037
22	1	38156
2330	47	38712
90	2	39273
30	1	39545
43	1	39651
108	5	45582
370	8	52916
142	9	134382
562	1	135371
7	3	136118
46	2	327907
83	7	3816
328	1	4540
663067	344	9929
557	1	11686
1851	2	14537
1112	1	14948
16	1	15808
120	1	19721
9	2	20258
25944	70	22394
130279	40	23838
60	1	32059
32	1	33556
394	4	38305
1072	7	44444
98	1	52420
16	1	55944
174	1	135606
9	3	138079
85	2	138743
249	2	267823
138	4	3
479	1	25181
584	1	55857
1844	1	131232
12	2	131735
158	28	131743
10	1	133278
235	2	133636
1	1	263793
11	1	5009
394	3	7575
24	1	10474
27	2	12670
337	1	14131
22	4	17494
2483	1	18182
14	4	23752
142	1	24085
56	1	24226
2	1	24529
189	5	28165
25	7	45356
3	2	46573
6	1	54036
4	3	55492
403	13	55960
3	2	58715
2	2	58834
12	1	138797
763	21	9260
2283	10	15557
7	2	18816
7853	25	45280
90	3	45433
2520	3	45787
241	43	64037
258	16	135712
265	1	138035
265	1	265811
2	1	395266
29	6	2914
4	1	8046
1360	66	8452
6	1	8728
162	1	18491
20	1	51336
289	10	52363
1	1	55636
290	1	55743
42	1	59816
268	3	133706
6	1	134810
3	2	135636
1	1	135780
814	39	138536
5	1	140552
1083	6	11776
2	1	14586
1	1	20021
1	1	25611
65	1	28669
6	1	37314
52	1	133194
112	1	133400
1	1	133653
1801	63	136823
64	1	262985
22	1	264720
216	4	5410
1476	11	8551
621	5	21599
140	1	55391
10424	16	63927
2	1	136092
1	1	139668
1	1	141105
226	1	141185
2239	13	3758
175	9	4773
1561	5	11404
6	1	16360
15	4	23888
20	1	27205
1868	11	28534
551	1	29990
4	1	30259
80	1	31213
1	1	52232
810	39	55701
10	1	56274
2	1	132497
2547	1	133870
2	2	134651
11	4	135032
2	1	136074
31	2	138298
45	3	139854
83	3	197882
1845	2	199335
329	1	262248
68	1	263073
98	3	264434
9	1	267769
10	1	1472
4	1	9584
30	1	9821
2	1	11584
1392	1	16623
94	1	23490
7	1	27648
20	1	27980
189	1	30526
59	1	36291
167	13	132779
198	11	136292
1440	7	136334
101	2	138943
1	1	140992
21060	13	4667
6	1	38057
18	1	53008
92	2	132882
12	1	136079
2272	46	136969
6	1	138119
1	1	264704
2055	3	16713
248	2	18933
310	1	19809
78	1	23893
26	2	25135
1	1	29577
297	1	31131
24	1	37002
36	3	41378
139	1	42337
4913	267	45701
1	1	49740
3	1	138150
38	3	139967
151	2	198279
7	2	268541
97	5	3249
327	1	13512
594	1	17841
27	5	17903
12	1	23889
660	60	24309
12	1	24586
31	1	25668
66369	2	38473
46	1	43754
28	16	45727
4	2	58385
28	1	61587
3	1	137285
24	1	196670
269	1	1348
297	2	10204
57072	4	16074
1117	21	18230
128	1	26034
1	1	39501
3	1	45649
432	1	47364
1	1	58552
8	1	207492
23149	15	2687
1906	40	3320
212	1	5511
2	1	12158
553	6	17547
246	7	18399
75	3	19460
111	1	21283
264	5	27729
1	1	28156
4	1	38710
566301	1	41167
12	1	267175
238	1	393442
6	1	647
12	1	3602
34	5	6805
8	1	10835
37	1	14064
32	1	14201
120	1	16863
458	4	35916
2080	3	54994
3	2	55679
3	1	133439
8302	8	134244
38	1	137029
6	2	137188
69	4	137959
63	5	138109
10	1	141347
5550	8	855
127710	36	3356
649	3	5774
4	1	10461
2018	1	12128
50	1	15695
28	1	19600
3391	2	51100
1715	8	262234
23	3	262498
7	1	263534
9	1	265661
8	2	20
424	6	3301
169	3	8422
38	1	11589
194455	1	15215
1429	2	15776
72	7	17439
476	7	17483
3	1	22260
206	2	23088
921	1	25512
17	1	28929
10	1	52840
1250	2	56017
3	1	131591
2065	31	132268
62	1	133070
3025	1	134763
481	2	262202
7	4	270433
158	2	2711
453	4	11272
657443	1	15442
2153	12	18119
180	4	27775
11	1	33606
96	2	37451
1	1	38200
106	1	40285
13	5	45588
1836	12	58640
1	1	63655
24	1	63827
26	1	131693
162	1	132245
12	1	205471
9	5	266705
899	1	395394
3384	1	706
233	11	4787
1	1	4818
392	12	5607
303	1	6256
549	9	10139
56	1	17564
22906	398	17816
4	2	22812
428	1	32307
1	1	55081
8	1	3614
135	1	9105
128	1	9723
40351	4	17673
8864	42	20001
58	2	24530
88	1	26210
84	1	38553
78	1	54607
1	1	56239
26	1	58504
11	3	58940
52	2	132053
1356	6	133556
2	2	135003
2	1	263218
309	1	328376
1	1	393994
506891	2	2894
16	1	4043
6460	206	6147
137	1	8717
25	2	16960
36	1	25215
124	4	36907
451	2	38524
128	3	52362
24	1	52650
3320	7	55649
577	9	58593
9	1	64113
1	1	139351
218	1	141293
212	1	394065
1	1	10199
1795	3	17766
247	3	18723
81	1	26827
297	4	37358
269	8	45176
342	1	50266
16	4	61911
52	7	132280
14	2	133980
42	3	134375
253	17	135778
5675	18	138168
18	1	395500
81	1	24
413	4	1257
126	1	1294
750	46	4761
41	3	11179
258	1	15305
591182	1776	20115
185	1	21326
34	2	38771
6463	19	55410
93	1	55665
5155	52	134552
13	2	138225
1	1	269180
33	2	1313
961	11	5617
237309	125	9433
39	1	15962
136037	297	17705
2782	12	19108
18	1	25441
9	2	42313
4	2	45954
340	1	134202
6	1	136759
24	1	201154
117	1	268618
12049	4	72
15	3	9927
11757	530	24499
221	5	32194
35	2	139942
1	1	141220
393	1	396292
1205538	22	2497
5219841	2	11520
2	1	14964
4250	12	17062
10723	30	18400
710	1	19009
6	1	33651
24	1	41709
6	2	45325
72	1	48359
78	1	54616
307	3	133610
18	4	134872
31	5	137862
260	32	3302
2	1	10125
4	2	28623
48	1	35985
18	1	55107
245302	1	59109
692	1	62753
12	1	141092
4	1	208420
10	2	263151
956	7	8764
225	1	14898
214	1	18126
101	1	19161
228	1	24233
2369	54	24556
2	1	27303
5	2	28146
3	1	28368
919	1	34697
9	2	37353
281	3	48638
18	1	56134
1196	1	59080
10188	39	132347
60	1	133276
21	1	136315
160	1	138504
393	2	15830
1384	1	32067
13000	2	33662
26	1	45064
2	1	49333
84	2	51375
663	2	132405
10278	22	133043
60	2	135375
19	2	138456
456	1	397422
4	1	9340
48	2	11814
3	1	16135
111	2	17426
5	1	20062
249	45	24560
46	1	34536
139	2	37184
7188	93	38031
33	2	39891
118	4	46044
21	1	52709
21	1	59836
2036	15	131303
180443	116	134773
512	2	138163
3	2	141433
205	1	158
7058	37	11427
386	9	25820
10815	19	27928
12	1	30985
624	5	40526
6	1	55529
445	5	133096
10	1	135760
3239	8	203724
85	1	267709
279	1	7296
156090	1206	17506
679	2	36012
321659	66	62044
420	17	132669
3528	2	132722
1	1	135300
1	1	135702
62	3	269838
4143	14	174
694	23	681
492	5	1136
12	2	9198
84580	34	10024
200	2	11892
1022	9	15247
9636	7	16347
317	1	25830
62	3	32564
1107	1	133062
5	2	133613
12	1	134714
145	1	265605
98	2	4721
220	2	5466
40	4	6661
1190	1	7311
24	1	30437
74	1	32277
5466	42	131583
1	1	138565
7	1	262847
206	1	9924
68	1	11733
658	1	16211
465	17	21783
8	1	37580
2	1	38143
1511	2	38370
11331	1	40341
9	2	45187
4	2	45429
5049	6	46887
631	4	56042
41428	61	133524
33	2	135235
26	1	206262
5807	1	7792
143	4	9443
59287	9	10099
1703	15	17639
10	1	31133
120	1	34704
13	1	34820
1	1	61743
8	4	132447
26	1	138022
86	21	138149
438	3	139230
239	6	262537
1	1	393415
910	2	2570
2702	17	5089
2	1	9457
6	1	10497
90	1	14827
5	1	22507
18	1	42774
120	1	51223
3629	25	58965
6	2	135182
78	1	137505
164	1	140424
5386	1	205992
2	1	264573
6	1	2872
2516	85	4771
210	2	6648
211805	179	9431
10	1	23735
91	1	28303
18	1	29255
5330	34	55352
79	7	133331
381	17	133481
137	3	136287
4	1	138623
10	3	263703
91	2	7381
300	1	16904
571	2	18187
13	1	25836
713	1	30356
18	1	30925
82	1	49628
131	2	52233
81	1	54755
26	4	58821
2354	2	135513
88	5	138649
6	1	140096
38	1	200748
37	1	265096
264	2	4015
3	1	5580
217	3	7155
4	1	15048
13	2	15924
480	1	16229
1739	10	18103
5926	1	18113
290	1	24459
1	1	35908
432	8	37457
30	1	48166
51	3	64072
86	2	134013
76	5	263209
16	2	264628
8	1	797
742591	46	4713
2	1	8542
17	1	9228
5007	4	10834
1	1	12810
12	1	13789
253	1	14566
527	5	16086
120	1	17044
2	1	22244
8	1	22562
14	1	23082
99	1	29049
211	1	43343
85	1	48517
11006	16	55653
76	17	56047
3138	26	56068
1	1	60814
267	4	135356
4	1	137969
163	1	264779
3	1	269795
225	1	29606
1260	1	32851
37	1	34244
8	1	41032
2	1	44252
283	6	45903
2102	40	59165
2	1	132442
12359	1	132723
196	3	133578
212930	1	135313
5	1	135700
93	1	139972
2	1	262813
229	10	263998
2444	3	266688
12	1	270405
1580	2	327812
30221	4	398704
7115	87	9441
20	1	13167
186929	1	14802
28895	107	16509
6	1	21877
7	3	28007
1	1	37447
28	1	50780
6	1	133690
262	6	136429
1	1	139879
2	1	394984
116	1	394990
42	1	3246
33	1	20712
2851	28	27923
36	2	28885
138	1	32133
3	1	38496
4	1	53066
1530	126	56041
3912	88	59162
2	1	62857
14	1	135038
28	1	137611
57	1	138412
55	2	265643
2082	6	4181
5663	16	4230
1909	35	4788
717	4	5416
78349	240	9876
6	1	31727
98	50	38266
2	1	46022
32	1	46449
6	1	58693
17	2	135232
829	14	136384
3	1	139400
130	2	269940
5	3	17976
5699	10	27932
125774	8	131239
52	4	132295
926	4	134061
37	3	136177
130509	12	137697
102	1	139945
257	11	140242
2	1	327832
10	1	523
6	1	1836
280	16	4804
14330	15	4826
6241	13	10103
12	2	13954
16597	2	25387
35	3	28545
72	1	29208
87840	2	29970
304	3	37154
16	1	42610
152	1	60876
504	8	138346
73	8	17974
674	2	23678
12	1	28050
33	2	29826
44	1	34530
24	1	38722
750	25	38758
290	9	134316
39	1	134326
72447	2	135154
196	3	264635
199	6	268899
47	2	12552
8	1	34177
458	4	35913
63	2	45298
11	1	52873
1566	19	132770
10	10	139786
32	3	205110
39	4	6057
205	1	7695
1683	2	8201
76120	1	12666
137744	133	15169
28	6	18024
174	1	27651
5	3	44944
2	1	45317
938592	264	53813
15488	7	56028
88	4	59209
84	1	60829
101	2	132148
79	8	137815
6	1	270110
56	1	327782
2974	14	2611
188	2	11650
108	1	11992
11	1	16746
498	2	17350
790	1	24118
29817	54	24516
6	1	46208
14	1	48438
3725	62	133954
10	1	141458
11	1	262757
10	2	265632
568	3	265767
206	2	394161
49722	39	4809
15	1	21412
5741	273	25136
2343	8	27884
7	1	28538
88	12	38264
122	1	43065
3	1	45742
2367	8	56030
3	1	58580
3	1	62575
779	2	62839
4	1	135377
107	7	139428
337	9	141184
754830	2	395198
2997	2	6584
45970	98	9498
19218	4	25180
54	2	28438
14	1	133957
137	2	134319
2893	5	134840
6	1	137085
484	2	139020
1	1	139202
210	2	270049
32	1	327804
6	3	386
146954	1	6231
2	1	9486
1079	9	10429
75	1	12350
241	10	14117
1	1	19881
823	3	23068
64588	2	23281
199	3	30027
4	1	35032
201	1	36813
293	3	132815
1	1	133725
1	1	207400
27	1	395354
75	11	4768
34	6	17813
33	1	19037
39	3	37645
569	1	45269
1167	86	137584
1	1	139962
3	1	267416
18580	34	2856
15575	5	5400
105	1	12513
399	1	14434
2	2	15589
423	1	17423
524	1	29245
6	1	32289
646	1	34176
14	1	44212
192	1	46849
25	6	131178
5	2	132599
33	2	133612
600	2	136499
22706	16	136975
18	1	8334
4	1	9226
1371	1	16082
59	4	17665
15445	232	18002
76	1	26619
50	1	48133
1	1	49544
2	1	138522
45	1	139296
206	12	262186
91	3	8053
6	1	8659
809	1	19855
384	42	23700
6	1	24347
19	1	28201
16	1	29782
16	1	36911
29	1	41190
114	2	45276
1	1	55872
35	1	131354
8	2	133385
6	1	136039
195	9	262253
2	1	2602
2	1	2615
15218	28	17559
6412	106	17658
64	8	18153
39	2	37148
26	20	45669
124	1	59185
48	1	132567
1	1	136712
60	1	263432
8	1	270366
128	1	393846
19098	23	16592
96	3	20299
113	1	23910
4599	36	23991
41	1	25932
156905	1	46528
1	1	49392
229	1	55039
21	3	61461
4	1	137816
4	2	138950
10	3	139195
105	23	262420
145	7	263047
53	1	265828
143	10	6568
7	1	12089
12	2	23470
5095	2	23966
1873	1	25983
4	1	30108
761	1	37719
14996	6	45110
24	1	52660
4	1	58762
114	15	63932
9089	11	64095
286	1	134069
71	2	137221
62	1	140097
156	1	199298
748	1	267752
3860	1	16886
9	5	28114
105	2	28196
4	1	53804
528	2	58092
267	1	59499
2	1	135629
60	6	136030
190	1	136237
472	6	136434
219	1	137666
489	3	267761
20	5	270344
3157	3	7468
152	1	10370
127	1	14188
8	1	16342
25	8	24547
151	4	29695
169625	106	33363
5	2	45786
4	1	49294
1502	65	58482
185	21	63949
130599	1	131274
987	4	133159
163	2	134542
211	5	136946
140	14	137453
32	3	139378
6	2	139994
424	3	262146
1	1	270961
42	2	394453
74	1	12895
556	2	17293
78	5	17454
167	1	23383
1	1	45595
185	1	46687
160	1	54132
94473	188	55561
41	5	131740
174	12	132215
2102	2	786
140	2	9484
252	4	13037
246	3	14010
7187	1	14799
1668	1	24327
399	28	24445
82	1	24511
90	1	39648
277768	7	56043
9	3	132480
38576	2	133370
9	1	200517
10	1	262401
57	3	268248
21	2	269346
1	1	269898
1291	12	3786
100	6	7590
806	13	7738
10	1	12102
60349	2	14306
281	1	18719
1	1	38457
223	18	132744
60	5	134739
2	1	137519
1	1	139986
38	1	3265
125	18	9905
2	1	13684
232	1	14990
8	1	15290
26	1	21886
42	1	26063
16	1	28226
4	1	29016
1550	3	45528
45	1	51551
8091	10	132787
1	1	134236
42	1	134419
203	5	137435
16	3	140112
8	2	140469
32	1	6334
258	20	7303
187	5	12741
31	1	16762
5	2	24111
644	6	25472
8	1	37413
8	1	39288
38	2	40533
62	2	55933
107	3	133255
16	1	136492
2555	5	7687
59	1	11419
28637	878	23679
18	1	37140
1	1	38673
12207	289	45775
1421	2	133627
403	2	136320
1185	7	262241
139	1	262875
572	6	71
964	1	1341
3978	16	4770
92	3	5483
16	2	27725
511	5	29614
25	1	31922
4797	11	38477
30	1	51812
32	2	54290
1075	30	55501
125	8	55685
105	4	133945
37	1	134026
1	1	134723
33	1	264437
1	1	265261
43	1	2044
10640	12	4648
400	3	4816
4	1	7385
12	1	10084
6	2	10131
617	2	12025
266	8	14398
2840	6	26617
519	12	36992
3973	66	45117
771	22	63888
46	1	134090
38	1	271781
3466154	142	122
1596	1	2538
157	3	9155
3	2	17400
57	4	17586
102	3	23934
979	1	29828
16541	34	45820
136	1	50300
13	9	59332
38	2	133605
3	1	204073
1305	2	206841
283	18	267857
70	2	3067
402	2	7359
2	2	7482
59	2	12849
791	15	24389
176	1	26109
10	1	30337
407	1	30610
301	1	36997
69882	753	37963
2	1	39647
2228	1	45780
34	1	52373
397	4	55430
349	1	132355
2	1	136841
24029	4	18734
2	2	38226
7	4	56167
50	1	59566
1	1	133028
421	2	133297
445	1	137495
1	1	264108
141	1	8445
32	5	9031
42	5	12066
352	100	23693
275	19	33771
84	1	50551
4	1	55806
66	2	132027
61	5	132568
7719	76	133676
1	1	134426
113	11	139647
15	2	141345
2	1	203735
2874	5	15802
33	1	26615
79	1	28271
223	7	28530
34	1	43205
84	1	53231
45	1	58910
2278	6	59322
3	1	61889
84	1	267869
532	3	13119
121	1	22566
32	1	28642
527	1	29644
16942	1	38140
61	4	58485
144	2	59518
1	1	134274
181	8	139382
26	1	140545
3	1	328114
128	2	28032
25145	3	37999
256	2	43797
1	1	45417
453	5	58800
6	1	59547
160	1	132151
154	6	132167
746	26	132199
2	2	265799
7082	2	2134
37	4	3132
3199404	1	11685
2	1	11727
6	2	18190
560	1	26395
118	3	27989
379	1	33055
311	1	33953
51577	1	46118
200	11	131755
1	1	133652
30	3	265739
34	1	393737
220	4	203
1350701	2	15147
360	2	23118
1572	9	33383
13966	148	38026
103	1	40729
4	1	40817
2062	34	55406
271	2	56595
1360	8	58952
2	1	131921
103	2	138059
18	1	138901
52	3	140726
64	1	267427
234	12	2119
585	2	8468
54	21	9009
979	39	9832
3731	10	31898
35192	1056	38511
4151	36	45629
10	1	49865
1156	191	52958
7630	362	55666
1	1	133865
64614	22	134762
524	25	136885
233	4	328453
43057	207	701
394	17	28555
72	3	36873
1	1	38546
8	1	56234
8620	35	59164
253	7	131183
340	1	131262
4	1	131265
105	6	133187
142	45	135676
2	1	136461
12	1	138866
3	1	395218
116	1	395592
8	1	4589
37710	344	4808
5	2	14609
4	1	16194
1578	24	17625
3	1	17858
11	9	18001
68	5	20845
576	5	22652
202	1	31263
16	1	35350
4	1	37934
5	2	38744
38	1	43372
571	10	52458
99	3	61135
12617	41	134772
502	4	135023
58	1	136613
8502	87	138245
8	2	141386
364	2	196778
12	1	198397
1838	1	264621
16	1	266372
121	5	5610
4	1	9939
46	1	13335
48	1	14584
154	1	26794
270	1	29256
1898	3	34912
6	1	36924
41	1	45950
3	1	51074
216	3	133311
4	1	264107
70	1	265676
726	18	12430
1	1	16010
10	1	18840
203	1	27149
1	1	32181
3	1	41795
5681	46	45671
5799	2	46313
18	5	61844
917	1	134284
205	16	135201
30	1	197301
162	2	202997
29	1	206170
18	1	265877
1	1	266410
2	1	268121
38	1	393616
52	3	665
21	1	11489
33	1	41872
1	1	45287
4	1	62475
2746	1	63199
115497	380	131207
1011	29	137409
221	2	267858
21	1	268321
540	5	8881
401	2	16168
30	2	17598
68	3	19332
4512	15	23724
18	1	28229
2183	21	45090
10759	126	45230
5	4	45773
6	1	47701
1	1	55424
10	1	55516
137	3	60142
19	3	133235
195	1	133881
12	1	136948
2	1	269375
181	2	396018
405	19	6939
335	2	9394
2	1	17479
1274	6	17754
348	18	56044
4	1	56401
224	1	56992
39	2	136224
120	1	139091
1583	1	264159
29	8	9230
1216	17	11830
179	1	11949
1773	12	17762
24	1	28283
1	1	30986
2	2	38207
148	5	45312
3	1	57218
4	1	60268
1227	2	131593
29060	14	133399
289	2	134809
1	1	138382
1022	16	138544
281	6	138830
65	6	262903
6	1	264486
49	1	265606
194729	1	395533
30989	10	3737
3	1	8412
4	1	14446
2	1	25428
8	1	26225
1537	2	33548
10	1	34261
805	5	35819
4	1	38256
7	2	41008
506	9	45884
3	2	46475
151007	1	55901
2632	1	56240
1	1	64512
82	3	133661
34	2	137074
5	2	139943
8	1	268069
4030	30	5384
297	8	8346
7	2	9931
1510	2	12566
40	1	13443
91	3	17819
8	1	27695
16	1	36352
115	6	37061
355	1	45620
1	1	131939
5	2	132445
130	1	133296
3	1	137298
18	2	139941
117	1	266828
2038	38	17552
3611	1	18862
20	1	32912
39	1	37100
876	1	38809
183	4	53158
1019	3	58664
548	1	132768
43	5	134543
49	3	140481
6	1	270868
268	1	397142
42	1	2379
83	3	8217
20	3	10217
379	1	15089
73	1	15525
96	1	25771
2	1	38742
12	1	57154
168	4	134020
14	3	35805
5067	54	45766
3	1	52925
4	1	394955
