#Field:count	sourceIPCount	endUserASN
132	1	202
178	26	306
18	3	366
17	6	369
28913	61	494
9	1	523
3	1	1533
24	1	1733
4	1	1778
3	1	2615
600	15	3132
231	4	3456
94	22	4538
84	4	4609
558845	94	4713
188	11	5972
176	6	6079
172	2	6256
1	1	6404
96	11	6568
542	11	6739
5	2	7684
50	10	8048
17	3	8193
17313	1	8315
8	2	8517
24	2	8717
10	1	8758
106	28	9009
25	2	9050
234	9	9051
122	4	9198
8113	190	9299
7	2	9484
3240	23	9583
21	1	10084
69	6	11014
2574	1	11713
3	1	12089
1	1	12338
505947	2	12422
58	2	12714
1	1	12797
1854	5	12942
59	2	13954
7	1	14042
414	15	14080
4	1	14103
33	1	14755
15	3	15943
29	4	15961
695	2	16082
1	1	16389
724	3	16504
19	1	16524
108	3	16525
134	1	17049
10	3	17429
554	11	17665
3	1	17968
2872	11	18153
54	5	18434
18	5	19037
59	1	19076
26	1	19151
25103	1	20141
6	1	20714
1567	36	22394
20712	1010	23679
3	1	23820
787	9	23844
18141	5	24084
34	25	24203
40	5	25117
46	1	25417
4760	4	26072
2	1	26314
96	1	26919
39	2	26937
3	1	27021
9534	43	27947
26	2	28226
6	1	28263
38	1	28680
98	1	29487
129	3	29580
25	3	29773
2389	22	30036
190	1	30119
216	1	30356
16	1	30466
53123	24	30844
10	2	31252
31	2	31727
30	1	32564
366	1	33478
20	1	33556
6406	2	33662
2	1	36666
6	1	37002
37	5	37119
66	4	38195
1	1	38673
385	2	38764
8	2	38778
21	1	39216
41	1	40187
17	2	42525
7	1	42925
408	5	45079
3935	15	45528
16	13	45669
18	10	45769
6	1	46699
6	1	49294
20	1	50767
15	1	51336
1	1	52420
48	1	53080
20	1	53120
14	1	54559
36	1	54755
2985	20	55653
467	1	55780
4791	231	55832
1508	100	56040
40	1	56478
3	1	56515
1	1	57513
280	2	58681
311	5	58717
14	4	58898
1	1	58902
8	2	59248
40	26	59257
2	1	59785
2	1	60610
19	1	60876
30	1	62262
6	3	131706
306	42	131749
306929	150	132203
235	3	132585
135	1	132627
7	1	133070
9	2	133396
20	2	133811
1	1	133865
9	4	134053
2251	8	134542
2	1	134555
319	1	134760
181	13	134775
1	1	134928
47	4	135076
1	1	135086
96	12	135615
1013	1	136797
27	4	136886
89	1	136909
144	4	136946
1	1	137094
155	12	137363
6	1	137453
12	1	138001
53	1	138079
7	2	138083
1	1	138112
9	3	138123
22	4	138336
14	2	138456
16	2	138694
33	2	138882
46	1	139296
52	9	139994
499	1	140144
2	1	140596
36	1	140986
2	2	141771
47	1	197709
5	1	199675
24	1	199942
202	1	201365
16	2	203689
99	1	203953
18	1	204722
21	7	213160
165	1	262192
72	1	262355
33	2	262731
414	5	262906
1	1	265442
1	1	265632
59	11	265739
4	3	269827
2	1	270587
9	7	271798
15	1	327922
1	1	328299
260	2	393846
5	1	394452
6	1	394558
25	1	394609
3	1	394695
166	1	396292
180	3	3
2	1	103
4	1	111
2559	4	665
15	1	1423
186	1	1701
8	1	2695
209	1	3216
24	2	4628
387	43	6400
1	1	6498
692	7	7049
1272	83	7552
4284	914	7713
30	13	8003
108	1	8147
2931344	307	8151
309	1	9021
70	13	9145
9	3	9340
338	11	9365
26390	9	9822
288	15	9824
3	1	10199
253	2	10821
1094	1	11648
128	6	11664
562	1	11971
256	5	13110
256	1	13943
115	1	14127
3071	1	14454
212724	24	14618
9	2	15048
8	1	15704
905	88	17451
12	1	17501
117754	1394	17621
269034	393	17705
1	1	17931
52	5	18126
98	1	18271
940	24	18403
24942	2	18539
64	2	19443
28	1	20165
37	1	20296
5	2	20804
3	1	21263
203	1	21541
14	1	21570
185	1	22866
842	1	22899
32	2	23089
17	1	23237
36126	2	23916
118	29	24186
2	1	24337
17	2	24916
49	1	25932
4	1	26548
33443	3	26579
111	4	26827
5	2	27725
894	1	27740
64	2	28196
18	2	28554
161	6	28586
2	1	28707
1330	2	28729
101	3	29684
298	1	29990
15	1	31939
32	1	32035
237	2	32444
3	1	33616
24	1	33920
4	1	35047
2869	14	35819
709	4	36012
115	1	36813
12	1	36951
15	4	36996
116	1	37204
630	1	37233
26	4	38031
146	8	38203
36	10	38264
1	1	38505
7600	64	38712
51	4	38750
398	31	38758
894	4	38875
144	1	39273
3	1	39577
10	1	41124
55	2	41709
3	1	41921
197	3	42961
29	2	43529
9	3	44944
49047	411	45102
1	1	45148
9	4	45184
576	3	45284
947	1	45518
1869	1	45737
6	2	46864
886	2	49229
6	2	49800
148	1	50300
160	5	52228
90	1	52330
84	8	52361
151	1	54155
1188	22	55352
724	35	55701
96	5	55714
23179	252	55862
10	1	58322
1052	36	58495
399	4	58543
3	1	58714
46	5	58826
595	4	58907
59	1	58910
97	1	58935
213	3	58940
234	10	58952
2	1	61675
318	3	64012
6855	19	64073
14551	48	131583
33	4	131740
935	3	132245
14	3	132497
16460	322	133647
84	1	133674
1	1	133695
12	1	133696
2	2	134008
56126	402	134033
489	1	134202
1	1	134280
3	1	134338
165	4	134341
357	4	134375
2	1	135036
553	1	135307
98	2	135433
1457	6	135555
268	10	136030
6	1	136074
66	1	136215
15	1	136482
479	1	136552
1	1	136573
287	10	136674
1	1	136714
21839	81	136795
56	3	136993
1	1	137654
1	1	137657
7	1	137907
1	1	138141
1	1	138277
1	1	138717
38	4	138881
5054	5	139054
14549	16	140051
46	15	140316
60	2	140481
34	1	140957
6	1	141322
236	1	141858
2	2	141892
9	8	197207
1	1	197308
6	1	202596
67	1	203217
3	1	204390
12	1	206629
4	1	209581
216	12	262420
9	1	263238
17	1	263687
2	1	264568
20	3	264857
4	1	265569
3	1	266316
5	2	270062
147	1	327906
21	1	328468
105	1	394451
242749	268	396982
134	1	397142
190	1	398391
21703	165	209
2	1	371
241	4	786
3961	4	797
6	1	1474
27	2	1505
14	1	1790
98323	149	1843
73	5	3292
8331	43	3352
8014	23	4049
309	13	4685
940	38	4761
9	1	4913
3403	36	5089
21	1	5391
281	6	5645
16	1	5839
949	1	6223
1	1	6306
6	2	6821
363	9	7106
29	2	7381
462	9	7633
11	1	7754
129	3	8339
8	1	8376
363	4	8399
405	7	8468
4034	30	8551
4	1	8580
52	6	9370
9	2	9471
24654	3	9650
4	1	10912
16884	29	11172
1771	45	11426
4155	57	11427
1	1	11829
175	2	11892
22	3	12066
92881	1	12663
167	4	12849
222	3	13682
622	4	14265
1	1	14373
3630	10	15247
227	2	15450
2	1	15914
846	2	16326
868	10	16591
157	2	16904
102	2	17386
17948	1	17473
26	4	17806
57	2	18187
25726	225	18229
5	2	18239
1319	1	18378
474	3	18840
2	2	19148
1722	23	19429
169	2	19653
4	1	20478
3	1	21183
150	1	22260
9	2	22933
36	1	24138
129145	119	24183
22	1	24232
4	1	25139
29821	8	25180
10	2	25310
1	1	25394
1765	3	25562
9	4	25620
154	1	25929
46	1	26425
3	1	26838
3	1	26935
3	1	28124
44	3	28343
23	2	28512
5	1	28577
66	1	28657
217	1	29644
2	2	31246
16	1	31273
3	1	31798
6	1	32212
8	1	32431
12	1	33576
123392	13	33930
60	1	34819
7	1	35141
2	1	35289
3	1	35352
2892	11	36351
111	5	37061
30	1	37564
37	4	37645
2	1	38171
5	1	38611
13311	1	38906
19	1	39295
148	1	39657
360	13	40676
41	1	42382
137	3	42652
4	1	43557
1163748	274	45267
1840	1	45269
16	1	45649
2140	1	45780
7	1	46650
3	1	48847
13	2	49628
1	1	49865
3	1	51310
4	1	51430
23291	10	51964
24	1	52362
24	2	52871
3	1	53274
364	2	55516
1213	6	55649
14	1	56475
1660	3	58505
104	2	58693
52	6	58762
85	1	59185
4	1	59274
588	51	59282
40	5	60294
6	1	60592
36	1	63580
3984	37	131227
10	3	131267
31254	15	131476
1	1	131627
6	1	132445
1	1	132566
16138	2	132576
1	1	132965
101570	20	133075
4	1	133300
1	1	133354
1	1	133589
2	2	133662
98	2	133782
4	2	133799
15	1	133817
933	1	133915
2	2	133988
6	1	134237
8	1	134259
1641	40	134552
16	1	134621
110	6	134633
10	2	135019
153	1	135090
5993	11	135391
2	1	136093
348	31	136429
1651	23	136557
49	3	136780
24	1	137558
38	1	137891
10	1	137957
134	2	137959
109	1	138716
1	1	138796
9	1	138903
209	5	139378
18	1	139514
43	10	139962
180	2	140732
4	1	197474
241	1	206258
24	1	211357
6	1	263173
27	1	263250
86	2	264360
87	6	265668
174	5	266802
691	1	267752
12	1	269422
25	2	270703
2	1	327988
66	1	328453
1	1	328582
6	1	328611
4	1	393226
9	1	393275
146	1	393508
74	1	393737
9	1	394473
6	1	394977
3	2	396356
211	1	397422
14	1	376
33	1	1217
111146	112	1759
1	1	1932
1263	6	2688
295	3	3465
424	11	3737
12	3	4546
1976	8	4565
34	1	4613
92	4	4721
18732	165	4847
268	5	4983
48	1	5237
219	1	6077
68	3	6730
56	2	7155
237	10	7738
216	1	7792
36	1	7832
14	3	8374
10	2	8402
372	9	9260
606	3	9394
21	3	9794
43883	11	10099
274	3	10242
32	2	10299
143	1	11743
5	1	12094
7	1	12102
3015	4	12322
55	1	12337
51	1	12350
464	25	12874
3	1	12895
6	2	13213
2	1	13330
58	1	13767
185	1	14898
1560	9	15502
781	13	15557
10	1	16700
6	1	16733
2051	1	16886
96	7	17436
148	3	17471
892	2	17542
32	1	17739
23	2	17753
967	19	17754
28	2	17897
28	7	18024
86	30	18209
5	1	18223
7	1	18233
86	7	18399
35	1	18816
1650	1	18862
34	2	19137
54	2	19544
240	1	19622
3541	3	19855
4795	93	20001
3	1	22079
9	1	22351
6453946	2	22703
455	4	23068
100	16	23674
578	33	24324
69	1	24395
1089	2	24539
510	19	24550
13	1	26932
4498	27	27017
836	26	27651
14	1	27659
48	1	27729
1856	82	27901
393	17	28555
6	1	29259
805	1	29828
1	1	30437
57	1	30598
2	1	30892
63	4	31042
13	1	31875
550	6	32098
52	1	32625
1965	2	32851
32	1	32890
78	1	33353
1	1	33619
9060	1	33680
2	1	33941
46	2	36149
54	7	36492
23	2	36873
66	1	37009
41	1	37069
1515	9	37100
441	18	37457
11766	1	38319
5456	3	38438
24985	18	38477
4	1	38553
13	1	38769
25	1	40729
2117	4	40948
3	1	41843
15	2	42314
63	1	42575
18	5	44244
34749	8	45215
3	2	45235
774	42	45305
73	9	45316
5494	8	45641
34	1	45954
344	2	46186
461	1	46895
8	1	46971
6	1	51110
1	1	52075
3	1	52609
3	1	52735
3	1	53407
2	1	53845
346	1	54132
26	1	55423
1963	1	55570
66	19	55577
17	7	55799
345	30	56030
1	1	56224
32551	66	56272
42	1	56882
396	3	57809
23	1	58725
57	2	58936
19	1	59045
13845	1	59717
8	2	61758
298	1	63490
277	9	64063
49	4	64072
21352	15	131239
1	1	131769
1	1	131921
343	25	132199
99	3	132525
5	1	132652
6495	1	132723
432	2	132768
99	6	133331
72	1	134013
9	7	134026
5940	2	134061
157	2	135300
11	3	135377
217	23	135478
1	1	136119
122	5	136190
515	6	136480
9744	11	136494
796	1	136550
29	2	136759
8	2	136873
7	1	137385
14	2	137692
57122	8	137697
288	100	138014
1	1	138080
1	1	138275
750	23	138315
12	1	138443
384	11	139043
2	1	139211
38	2	139904
1	1	140171
13	2	140435
1	1	141317
2	1	141862
32	2	142461
33	3	201205
2	1	203554
141	12	204166
107	1	206206
397	15	212337
2	1	212889
161	4	262199
1	1	262259
9	1	262985
1	1	263040
89	1	263655
14	2	265696
8	1	265760
19	1	267769
23	1	268942
369	3	269738
42	2	271033
4	1	327724
18	1	327750
3	1	327991
577	8	328244
80	3	328319
7	1	393871
354368	2	395198
66	1	395694
11	2	335
11670	128	452
2	1	1451
1	1	1462
36	6	1467
1	1	2003
18	1	2749
4	1	2756
273	2	3067
67	1	3084
1353	59	3209
838	18	3269
155493	56	3741
477	1	4010
8465	13	4230
526	1	4540
661	1	6646
481	2	7358
8	2	8244
3	1	8675
20391	149	9245
25	19	9329
620	53	9341
35952	153	9498
5206	23	9503
4	1	9934
10	2	10021
98	2	11650
1622337	3	11985
2999	28	12083
214	14	12271
47	3	13036
12	1	13208
156	2	14010
10	1	14201
10	1	14609
3	1	14990
19	1	15342
793	2	16050
3	1	16322
2520	2	16623
959	19	16735
11	1	17033
132	1	17178
2	1	17381
1	1	17539
3	1	17617
7107	50	17625
154	2	17666
31	3	17670
1	1	17911
934	1	18530
2	1	18718
16	1	18880
1	1	19165
2756	1	19180
390	1	19809
110	1	19834
8	3	20845
2	1	20868
1403	25	21433
13	1	21826
172	3	22047
11	3	22787
20	1	23082
85	2	23138
199	1	23265
1	1	23764
231196	43	23838
53	2	23930
775	8	24068
2144	1	24291
636	1	24327
12	1	24477
1196	11	24492
297	23	24523
4	1	25424
44	1	25836
17	1	26685
84669	1	26950
4	1	27839
2	1	28260
5	1	28852
1	1	29357
3390	1	30383
2091	10	31655
80	1	31965
133	2	32242
91014	301	33588
28	1	33885
8	1	33953
5	1	36224
7	1	37013
21953	8	37282
28	2	37693
161	12	38235
118	2	38524
824	19	38566
263	1	39647
53	1	39884
4	1	40424
484	5	40526
13	1	40631
1	1	41881
475	15	43766
35	1	44776
5	1	45131
33987	138	45230
3	1	45806
2	2	45814
14916	14	46313
136	1	46449
26	3	49740
20	1	50551
8	1	50995
1	1	52263
3924	353	52958
114	1	53903
1	1	53913
35	4	55461
9734	6	55785
1330	1	55797
12450	6	56294
81	4	57743
399	18	58895
77	16	58926
1	1	58969
48	6	62336
45	3	63493
37	8	63932
163	7	63963
2	2	131745
40539	32	132449
10	1	132730
3	2	132932
55	2	132974
2	1	133228
72868	694	133384
50635	16	133399
1349	5	133887
4465	8	133928
1	1	133997
172	3	134041
808	11	134294
4	1	134714
59	1	134756
7	2	134907
451	29	135201
183	4	135232
1	1	135260
1758	7	135356
3023	18	135464
2	2	135477
1	1	135584
3	1	135760
2	2	135795
118	4	135887
1024	1	136239
30	4	136255
430	12	136292
1629	21	136384
1	1	136874
2	1	137172
5	1	137586
8732	102	138245
2	1	138362
8	1	138394
3	1	138545
5	1	138688
1	1	138766
27	1	139275
45	1	139280
46	4	139282
1	1	139498
9	1	139667
58	2	140096
24	7	140312
44	1	140315
1	1	140401
212	18	141626
13	1	141710
2	1	142342
17	1	198668
12	1	201776
6	1	202652
1526	2	202713
14	1	204834
7	4	212238
37	1	262201
5	1	262807
45	3	263151
51	1	264929
26	6	265729
24	5	266761
783	2	266830
5	3	270433
1	1	327828
33	1	328733
613	3	395301
1	1	395344
73	1	396316
114	1	397832
4	2	45
9	1	83
27	2	224
63	8	359
3335	11	855
282	25	1498
28	1	2165
121	1	2280
27	1	2526
33075	1	2539
104057	7	2687
3	1	3223
1	1	3329
90251	72	3356
493	1	3412
62	1	3855
507	1	4015
10786	408	4771
473	10	5413
18	2	6042
10	3	6157
683	1	7565
82	1	8163
4	1	8228
770	1	8492
4277	22	9318
1	1	9371
210174	212	9431
14025	75	9433
376	4	9723
20096	4	10010
702	12	10429
731	4	10794
64733	2	10913
1	1	11340
2	1	11414
2088	21	11492
6587	5	13692
390	1	13868
147	1	13876
62619	2	14306
647	1	16592
1185	1	17310
2044	2	17378
4	1	17442
255775	1417	17506
473	10	17639
11	5	17976
609	5	18101
233	1	18191
116096	1	19452
40	2	20116
619	5	20650
12	1	21406
8	1	22283
174	1	22897
44	2	23487
7	3	24111
40	1	24276
10050	142	24342
239	7	25951
4	1	26292
93	3	27364
7	1	28173
681	3	28271
78	1	28368
1	1	29949
22	1	30202
25	2	30764
11	1	31801
365	2	33070
825	12	33383
32	1	33470
2427	2	34235
17	1	35110
154	5	37680
41	1	38478
266	13	38500
8	1	40196
56	1	40749
108	2	43797
46	5	43824
31	2	44395
3	1	44702
4350	184	45287
76	7	45433
7	2	45588
206	1	46231
1	1	46475
4	1	47172
1417	4	47377
3	1	49117
244	2	50821
9	1	51590
4	1	52941
238	3	53158
10	1	53169
9	1	54290
9	1	54593
15	1	54614
62	1	55309
11371	1	55485
480123	190	55561
6	1	55860
106	28	56044
3552	8	58411
85	4	58682
1839	48	59165
563	1	60257
11	2	61461
10	1	61663
7	1	62284
5	1	62377
167	1	63052
275	45	63859
4	1	131265
1760	9	131287
156	1	131584
7	2	131693
6	2	132152
536	32	132653
138	1	133276
1950	2	133636
2	2	133653
98	1	134264
122	7	134326
3	1	134371
43	1	134863
99423	1	135313
8	5	135872
450	21	136198
401	2	136271
1	1	136435
1	1	136531
2	1	137331
4074	1	138035
7	1	138191
22	1	138260
2	1	138296
35	1	138712
3	1	138828
4	1	139460
160	8	139834
1	1	140031
99	13	140076
1	1	140127
3	1	140181
1	1	140638
139	14	141078
2	1	141132
122	1	141155
3	1	141562
77	7	141680
878	1	141992
390	7	197897
669	3	199335
766	2	206841
3	2	262159
4	1	262357
8	1	263263
1	1	263790
38	4	263793
1	1	264628
688	14	264637
1	1	265269
6	1	265493
3	1	265683
1	1	265823
1	1	266331
63	2	266809
315	3	268899
4	3	269190
51	12	269931
3	1	393238
211	1	394330
151	1	397263
2	1	398427
2679535	321	297
3	1	337
20	2	1493
29111	9	2510
51	10	2914
1155	30	3257
10	1	4581
1293	10	4637
34231	34	4648
37	7	4818
51	4	5578
3045	14	5713
96	3	7385
1165	13	7474
130	3	8334
253	4	8445
3	1	8728
34	1	8752
172	1	9166
34	7	9326
10943	6	9345
97	2	9354
4	1	9893
2855	14	9902
32101	15	9930
8746	12	10103
176	1	10269
15	2	10384
2	1	10963
140	3	11245
2	1	12091
464	2	12334
509	2	12390
499	12	12392
462	3	12552
702	5	13119
644	2	13782
6274	2	14537
829	2	14677
225	2	16168
108	1	17210
289	5	17350
839	16	17483
20959	517	17623
1610	50	17638
8	6	17813
20	1	18841
16	1	18872
4	1	19254
1	1	19650
42	1	20077
134	2	20255
9	1	20479
21	1	20886
1	1	20978
245	80	23693
890	1	24118
751	3	24192
5580	2	24218
90	19	24389
1397	45	24835
21	3	25993
62	1	27065
113	8	27747
14	2	27879
15	1	28183
896	6	28536
6642	5	29208
1	1	29485
8	1	29492
762	1	29571
100	3	31543
350	1	32408
28	1	33561
143	23	33771
8	1	36866
81	8	36903
7628	1	37005
163	2	37140
49	1	37153
12	1	37154
19	1	37622
67	1	37671
208	22	38019
21	1	38165
2	2	38744
8	1	38834
95	1	38851
5	1	40237
2	1	42774
9	1	43060
3	1	43451
2026	9	44444
52	3	45061
7466	36	45090
2	1	45232
137	5	45905
3	1	46690
3191	7	46887
4	1	47794
3	3	49981
120	2	51313
4	1	51337
37	1	55083
18	2	55415
1	1	55507
6	1	55996
148	1	56665
7	1	57791
83	14	58593
303	4	58594
2	1	58763
44	10	60068
4	2	61135
3	1	62887
59	1	63222
5	2	63617
598	16	63888
450	1	63935
1722	45	131111
10004	37	132268
4	1	132847
24362	26	133043
3	2	133296
3	2	133301
160	10	133401
9	1	133537
328	4	133648
1	1	133798
1	1	134009
48	1	134069
702	3	134238
29020	9	134244
5	1	134457
17	4	134810
34	5	134840
6	2	134886
42	1	134980
19	1	135692
1	1	135744
1	1	135746
111	13	136556
23	1	136637
41	3	136654
10	2	137093
9	1	137101
28290	9	137267
220	19	137580
18	1	137785
24	2	137889
17	1	137969
1	1	138752
12	1	138835
17	1	138860
12	1	139503
91	2	139822
50	12	139992
57	7	140313
52	1	140382
52	5	140384
490	1	140840
22	1	141283
25	1	141916
78	1	200521
9	1	200656
565409	1	202161
3451	1	202459
1	1	203020
11540	11	203724
30	2	203735
46	1	210162
57	1	263432
1	1	264702
234	1	265605
5	1	265612
6	1	265638
1	1	271822
7	1	328146
80	1	328339
428	6	397074
242	7	109
27	1	273
43	5	370
1766	12	1273
1556	66	1464
159	27	1468
113	22	1506
7	2	1530
69	1	1931
79	2	2711
490	7	2764
11307	74	2856
1	1	3738
1268	1	4352
17595	29	4770
3528	19	4775
214	16	4800
7	1	4868
1	1	4927
950	5	6407
46	2	6501
102	15	6939
412	1	7296
433	7	8053
226	5	8412
599	10	8473
2	1	8608
9	1	8659
3172	14	8781
4	2	9208
3923	25	9304
204	20	9389
113	8	9541
30	2	9823
8	2	9833
125	6	10620
407	1	11635
1401	1	12128
35	1	12158
3	1	13737
2	1	14244
83	1	14862
26	1	15600
9	1	15897
401	4	15924
63	1	16032
1112	21	17072
6874	1	17076
1575	2	17423
2355	1	18108
1155	25	18207
185	4	18723
293	1	20432
10	2	20539
2941	1	21054
254	2	21513
108767	2	21691
361	1	21817
482	1	22925
32	1	23255
260	1	23637
28	3	23750
32	1	23780
48	3	23951
191	1	23953
12	2	24416
12	2	24456
3011	60	24556
12731	3	24558
8	1	25892
59	2	26210
255470	2	26554
3	1	29252
20	2	29614
42	3	30848
25	2	31133
24	1	31143
23	1	31350
17	1	32040
50	1	32363
3	1	32667
4	1	32798
8	2	32912
1028	1	34774
641	3	35432
10	1	35953
129	1	35981
9	1	36443
15	1	37141
614	7	37358
247	1	38192
1	1	38538
26514	1	38626
6	1	38713
4019	16	38901
55	1	40051
235	3	40108
317379	1	41167
1	1	41560
437	12	41564
1019	4	42864
154905	1	43417
19	1	43909
35	2	44034
392	5	45179
15	3	45317
755	23	45648
9	1	48176
22	1	51038
4	1	52551
7	1	53078
11	3	53667
44	3	54607
504545	96	56186
513	3	56595
7	1	57375
27128	26	58666
8	1	59072
565	2	59080
698	112	59340
24	1	60415
7	1	62028
4	1	62964
2	2	131202
2	1	131220
4531	19	131303
2	1	131442
3551	5	132130
1	1	132587
30	4	132850
5756	7	133196
202	2	133218
62	1	133255
1	1	133303
12	2	133360
3650	13	133385
5911	8	133556
99	4	133605
1503	4	133606
20	2	133980
111	1	134334
19147	14	134359
68	1	134481
56	4	134540
675	10	134676
581	7	134841
1	1	134875
53909	2	135154
496	7	135206
3	1	135247
30018	2	135415
9	2	135450
198	2	135700
17	2	135798
2	1	135997
1	1	136284
5755	3	136499
63	1	136646
794	25	136719
1	1	137077
56	7	137263
15	2	138022
1	1	138130
26005	33	138189
756	1	138499
87	1	138504
4	2	138718
13	7	138754
1830	9	139310
2	1	139484
4	1	139972
11	7	140308
47	8	140413
27	3	141642
19	2	141652
84	5	141677
14	2	141978
1	1	141997
32	1	201113
190	1	201991
2	1	202297
1	1	204957
94	8	206067
15	7	206092
107	1	206347
9	1	262234
300	14	262253
6	1	262539
7	3	262589
42	3	263725
2	1	264236
625	4	264835
21	1	265485
8	1	265913
17	1	269062
35	1	269868
3	1	271938
2830	2	327782
19	1	328320
60	1	393666
44397	18	396253
200	2	397635
1	1	6
1	1	62
46	1	360
10367	94	577
811	89	637
281	13	1136
1388526	197	1226
4	1	1248
93	1	1294
68	4	1461
5	3	1828
2	1	1999
11178	9	2514
4570	107	2527
597	7	3303
4268	9	3491
1	1	3605
24	1	4130
24	1	4618
6	1	4780
723	16	4787
43262	59	5384
3	1	6181
346	7	6713
1127	4	7687
2	1	8286
15	6	8560
50	3	9031
66562	56	9303
150259	27	9381
47954	78	9432
1	1	9597
55	2	9821
155429	256	9876
534988	392	9929
25	2	9931
174	1	10214
382	2	10264
92	1	10695
4	1	11260
12	1	11280
10	1	11320
1825251	2	11685
10	2	12455
84	1	12826
87	2	12831
53	1	12847
2	1	13464
85	1	14363
94	1	14566
26	3	14630
14888	3	16074
2892	6	16086
398	3	16637
22	1	17216
33	1	17222
18011	387	17622
90235	59	17676
48	1	17916
8	2	19863
5	1	20552
22	5	20928
18	2	21527
90	1	22566
12	1	22690
504	2	23316
624	1	23490
2	1	24466
86	1	24511
1434	2	25387
749	2	25771
20	1	27353
20	2	27357
49	2	27989
622	1	30372
349	6	30990
193	1	31122
1833	1	32067
544	1	32257
391	1	32307
98	3	33132
22	1	33151
76	1	33247
8	1	33763
3500	50	34984
210	1	35549
5	1	36291
1	1	36352
2794	37	36994
2	1	37173
28	2	37284
15	1	37673
36468	604	37963
4	1	38084
12	3	38210
6042	122	38320
39	2	38742
54	2	39835
30	1	40266
5	2	41095
72	1	41955
1398	16	42298
27	1	42874
9	1	43905
5	2	43959
54	3	44671
185	4	45312
8244	31	45410
575	11	45650
8578	277	45775
1	1	46573
49	1	46616
4191	1	48728
11	1	52873
76	2	53309
65	3	55391
4	1	55448
6	1	55752
8094	250	55853
22	3	56002
187	12	56047
75	2	56304
1	1	56971
5405	14	58423
7	1	58444
7542	3	58453
458	36	58482
113	1	58624
1797	27	58689
29	7	58821
74	7	59278
30709	12	59346
63	1	61138
7	1	61741
701	1	62753
885	13	63969
73742	1	131274
3	1	131790
339	2	132027
1	1	132045
93	2	132559
620	1	132720
38882	62	132857
2	1	132960
937	1	133108
21	1	133124
159	1	133936
3572	16	134319
2379	10	134967
413	1	136015
8	1	136248
5	1	136841
61	2	137085
22	2	137127
279	3	137827
15	1	137964
118	11	138089
14	3	138100
1	1	138107
2	1	138337
236	12	138346
232	10	138529
339	45	138544
19	4	138871
18	5	138886
2560	1	139050
3	1	139080
23	2	139088
1	1	139528
278	18	139870
52	2	139942
9	1	200748
7	1	201749
1	1	202425
3	1	202468
1083	1	203877
84	1	206561
24	3	206798
1	1	206804
124	1	209799
3	1	262286
3528	1	262570
23	1	263157
6	1	264386
1	1	264573
10	1	264836
78	1	265855
4	1	266409
21	1	268149
283	20	269762
4	1	269985
62	1	328469
133	6	328471
198	1	328708
21	1	328734
4	1	394702
1	1	394984
14	1	395565
113	2	396018
5760	1	81
1814417	137	122
2	1	223
339198	632	270
180	10	365
67	14	399
67	1	559
107007	20	721
12	1	1566
2361	28	1680
3	1	2108
159	4	2665
209	5	2860
1	1	3382
21115	3	3389
3	1	3848
88893	30	4515
122	9	4657
100	4	4785
23287	55	4809
389533	17140	4837
24	1	5378
1286	8	5466
3	1	5580
1	1	6233
136	2	6300
2	2	6334
53	1	7011
870	1	7311
231	6	8767
4	1	9158
208	1	9283
2	1	9286
249	5	9614
11	2	9812
89	1	9862
2	1	10030
31	2	11233
1611	14	11845
10	1	12042
3	1	12059
3917	22	12252
163	7	12576
3	1	12764
2120	1	12843
6	1	13101
261	102	14061
3369	14	14299
963340	5	14762
2	1	14964
1561472	2	15147
5478	1	15225
500	5	15491
71	5	15962
1	1	16247
146	2	16685
2220	15	17062
12423	22	17903
4373	1	18113
102	1	18719
838	1	20018
1	1	20021
735	6	20161
2	1	20248
568	1	20294
3	1	20811
27	1	20880
6	1	21042
13	2	21246
5	1	21873
10	2	22332
9	1	22631
195	45	23700
28	9	23888
313	9	23889
7	2	24233
10	1	24347
611	167	24560
4	1	25369
2	2	25428
6	1	26077
36	4	26599
3503	7	27046
145	1	27288
66	1	27435
30	2	27953
36	1	28171
265	6	28530
3	1	28683
1	1	28753
5	1	29933
163	3	30027
93	1	32505
261	1	34697
36	1	35805
21	1	37203
71	1	37612
1	1	38204
4	1	38256
37	1	38496
18	2	38532
40	2	39651
111	11	39891
543	1	40864
15	1	41872
182	2	43885
787	3	45062
4	1	45473
1951	1	45491
82	6	45763
1259805	3	46564
3	1	47719
12	1	48359
307	6	48638
9	4	49392
60	1	50673
94	11	53006
360	1	54164
70	1	55333
4536	68	55341
12	1	55691
117042	175	55947
4	1	56101
140	11	56242
46	9	56260
29	5	58404
108	1	58731
1	1	58947
8432	226	59162
101	4	59317
24	2	59325
153	25	59332
8	1	59836
31	1	61697
213667	81	62044
9	1	62102
104	1	62915
4	2	63023
1177	1	63199
99	2	63263
916	1	63855
2777	40	63873
52	3	64050
1901	3	131198
276	2	131262
1	1	131596
2	1	131767
33	4	132040
12	2	132161
20	1	132442
12	1	132599
495	5	132615
45	3	132746
8921	54	133001
8898	25	133451
28	2	133844
3	1	134021
6	1	134589
1	1	134858
1	1	134913
40	4	135032
131	1	135060
7	2	135181
1	1	135234
1	1	135255
8	6	135420
6	1	135446
1023	3	135607
17	2	135706
1	1	136283
1	1	136302
27	4	137519
7	1	137746
29	1	137806
239	19	138220
1	1	138230
10	1	138276
435	22	138823
113	3	139303
51	1	139446
3	1	139863
82	1	139906
19	1	140427
56	2	140607
4	2	141056
5	1	141093
191	7	141315
12	2	141513
96	17	141522
40	1	197638
101	5	201984
6	1	205177
9	1	205199
34	4	263321
31	1	263544
19	1	264135
9	1	264280
24	1	264354
6	2	265646
24	2	265828
8	1	266621
18	1	268795
18	5	270070
6	1	271795
4	1	328543
8	1	394040
20	1	395354
2	1	397917
968	1	398899
7	1	29
1309	34	174
2151	109	220
958	96	391
2805	32	681
4	1	802
3126	18	852
98	1	1403
37	4	1472
42	3	1489
16	1	1580
17	1	1676
91	2	3300
18544	3	3423
396	1	3853
2	1	3900
15492	1	4046
48	10	4193
789	1	4473
825	3	4739
30078	11	4750
8	1	4922
2	1	6621
80	1	7004
518	1	7194
11	1	7403
771	15	7470
10	1	8190
9	1	8542
308	14	8881
3	2	9644
330	2	9809
3	1	9848
104	4	9889
332	3	9911
34	1	10362
16643	6	10753
32641	7	10879
1	1	10921
57241	2	11309
154	10	11342
16	1	11432
202	9	12389
833	16	12430
15	6	12876
32243	1	13205
207	1	13717
49	1	15806
120	1	16371
6	1	16399
5308	163	16509
6	1	16569
34	1	16695
29084	37	17559
8	1	17811
18	3	17917
4	1	18491
33	5	18809
129	2	18933
36	1	19713
94	2	19721
2	1	19773
564	1	20485
252	2	21339
6	1	21573
4057	6	21949
4	1	22562
4752	44	22884
1058	5	23404
5959	97	23955
25779	21	23969
831	1	24331
9	1	24378
15	1	24435
11	2	24691
7	1	26592
3	1	26621
34	1	27047
6	3	28126
218	5	28165
1	1	28370
7	1	28597
46	1	29016
6	2	30337
3	1	30513
13	1	30925
9	1	31200
48	7	31898
82	3	32453
9	2	32489
74	1	32982
2174	13	36937
50	1	37125
248	1	37150
3	1	37697
407	1	37719
221	132	38266
1593	2	38294
12	4	38363
12	1	39264
22	1	39961
6	2	40317
232	4	42943
45	2	43207
13	1	43372
3	1	43391
1	1	45138
12	2	45224
34	3	45289
149	24	45475
27161	126	45536
1013	606	45609
106	3	45687
6	1	45765
20	3	45773
5	4	45925
67	1	47965
32	1	48146
60	1	50591
1	1	51167
843	3	51375
9	2	51407
4	1	51466
4	1	54036
18	4	54994
112	1	55644
2955	7	55715
7199	1	55743
8	1	57112
1	1	58561
93	3	58597
98972	1	59109
21	2	59139
60	1	62642
2	1	62904
53	3	131210
257	4	131284
5939	335	132116
1	1	132143
2881	3	132382
8518	2	132397
1013	3	132405
8401	5	132529
8423	13	132787
19	2	132829
2	1	132931
3	2	133007
51	1	133055
14	2	133119
8	1	133269
92	2	133414
2	1	133455
77	1	133989
2	2	134451
324	1	134818
9	1	134860
52	1	134884
326	1	135553
58	3	135786
141	1	136024
877	13	136334
40	1	136395
802	7	136463
122	3	136524
1	1	136787
11	1	137000
3	1	137045
295	1	137269
72	6	137593
5	2	137699
2149	3	137952
1186	1	138005
97	3	138024
19	1	138768
789	1	139020
5	1	139380
2	1	140220
161	1	140424
237	2	140545
4	1	140849
9	5	141410
7	2	141621
38	1	141794
9	1	196777
1	1	198279
597	1	198548
12	2	199284
6	1	201321
4190	1	201378
74	1	201975
54	1	202819
39	1	203730
25	1	205400
12	1	206262
3	1	208286
6	1	212356
10	1	264168
3	1	264169
2	1	265355
1	1	265691
46	3	267823
1	1	270331
10	6	271447
12	2	393616
103	4	203
6	2	206
9217	806	385
1142	53	386
6128	224	701
4	1	1524
2873	1	2013
779720	5	2386
503134	40	2497
4432	96	3320
3	1	3401
3450	9	4795
8	1	5619
440	2	7046
2829	3	7459
76	2	7642
1	1	8251
3	1	8821
6	1	9044
4085	23	9534
4467029	4	9619
1867	145	9790
1940	20	9988
2	1	10075
76	5	10991
1231	26	11404
453	1	11734
3152	1	12666
62	10	12975
7139	3	13325
89	9	13335
1	1	14135
92	1	15121
2	1	15354
79	7	16276
1	1	17174
35	1	17529
340	45	17557
43497	5	17673
13	9	17747
30	3	17828
67	2	17970
485	11	18103
61491	59	18106
37483	32	18400
75	1	20910
86	2	22381
737	9	22724
6	1	22903
49912	4	23148
8	1	23233
66	6	23944
1373	15	24554
40	2	25031
57	1	25081
39906	243	25136
234	2	26198
9	1	26220
90	8	26615
207	6	27066
8939	26	27843
4	1	28546
1455	13	28556
4	1	28840
41	1	29909
41	1	31229
18214	1	32099
18	1	32653
2	1	32906
103	1	34414
7	1	34779
107	1	35266
7	1	35297
4	1	36032
10	1	36551
24	1	36724
6	2	36935
4	2	37223
665	2	37353
8	1	37403
25	1	38182
8	6	38457
206	32	38506
1	1	38522
265	2	38592
50	2	41327
3	1	42673
457	1	43065
3	1	45417
24614	1	45442
4793	68	45758
440	1	46849
158	1	50857
735	6	52916
12	1	52988
217	2	53766
35	1	54747
2	1	55002
759	1	55039
17113	3	55567
2285	126	55814
4	1	55933
87	1	56227
807	3	58092
2	2	58385
9419	443	58659
972	4	58664
52	32	59163
4080	40	59164
1430	9	59322
3	1	59989
21	1	60829
27	4	61911
20	4	63930
3	3	63996
74	1	132526
481	8	132686
1546	38	132778
9057	11	132881
6540	41	132996
1589	1	133747
455	3	134036
2	1	134337
10	1	134372
23	1	134845
5	1	134861
2	1	134862
192	4	135371
5	1	135385
248	2	136216
1	1	136308
1	1	136633
10257	21	136975
633	9	137412
2	1	137433
3252	20	138168
6	3	138311
2	1	138720
140	1	139091
33	3	139335
345	1	139681
425	1	141312
2	1	141674
1	1	196733
34	1	197637
11	1	198781
4	1	200402
67	2	201859
867	2	202356
7	1	203851
126	14	206119
8	1	208927
7	1	262248
3	1	262675
100	7	263209
48	3	265540
53	2	265643
23	3	266705
14	1	267427
16	1	267638
6	1	268321
73	1	269734
7	1	270868
1	1	271806
352	5	327933
78	2	393415
9	1	393513
5	1	394807
13	1	395228
6	1	397331
8	1	338
4	1	341
6	2	343
248	1	367
12	2	571
11428	5	1239
732	15	1257
28283	5	1299
12	1	1509
1418	2	2134
18	1	2495
11157	65	3215
21	1	3784
1254	16	4181
53662	154	4755
3433	34	4766
431889	506	4812
286175	829	5432
99	1	5500
311	5	6453
70	16	6805
1	1	7203
6	1	7477
543	3	7575
1907	7	8167
285	9	8400
2	1	9313
6	2	9657
12068	6	9989
125	5	10474
3844	7	10834
46	1	11666
459	1	11686
9	2	12312
46	1	12512
714	4	12708
1	1	13043
41	3	13046
280	11	13999
8076	37	14259
1	1	14792
12	1	15463
4942	3	15830
5	1	16194
4	1	17231
25	1	17480
90	41	17488
12	3	17494
3	1	17538
169	2	18115
15	1	18708
2	1	18779
1	1	19182
5	1	19826
739	19	20057
663211	2621	20115
8	1	21678
95	11	21887
5562	146	22773
21	1	23423
1	1	23871
49	4	24207
13438	4	24318
3228	10	24481
807	47	24529
1	1	25163
23	3	25513
601	1	25540
392	1	26395
64	5	27831
3	1	27895
36	3	28006
46	2	28080
1471	1	28316
71	3	28329
62	1	28338
242	11	28523
169	5	29695
14	6	29854
31	6	29975
176	2	31242
405	2	31263
201899	53	33363
3	1	34781
6	1	34989
524	5	35985
450	2	36715
133	2	36847
15	1	37054
24712	1	38140
449	13	38305
9	1	38771
45	6	38783
5	1	39297
4156	1	40341
7	1	42689
290	5	45187
45	2	45415
4	1	45510
1489	1	45620
3	1	45767
777	1	46318
1	1	47956
74	3	48945
1575	1	50432
418	40	50710
216	1	52280
36	1	53127
1	1	54661
3	1	55435
41	1	55944
3496	2	56017
109	21	56046
33	1	58075
110	1	58460
18	8	58461
2591	8	58466
31	1	58601
4	1	58872
427	4	58906
57	1	59518
5	2	61745
545	5	63957
9	1	131593
2	2	132220
10	1	132264
3	3	132637
5202	28	133234
671	2	133388
6800	9	133393
30	1	133706
3214	77	133752
6	3	134043
2	2	134055
21	1	134090
31845	23	134220
4145	12	134254
13	1	134315
7	2	134768
4	1	134922
2272	4	135023
1881	5	135047
1	1	135346
15	3	135718
287	10	135725
1	1	135801
1508	53	136065
1126	36	136200
84	3	136595
1	1	136618
1	1	136634
76	1	137138
1	1	137485
1	1	137550
351	23	137584
1	1	137628
94	1	138321
1978	2	138973
1	1	139508
9	1	140030
3	1	140120
1	1	140133
2	1	140469
176	17	141326
105	1	141342
171	2	141345
1	1	141576
123	8	141607
4129	2	141754
182	6	199312
103	1	199652
27	1	199706
140	7	202561
36	1	205473
29	4	207492
241	2	262191
4	1	262359
1	1	263500
3	1	263800
17	2	268541
9	1	271799
997	1	328189
43	1	396173
43	1	397569
10286	4	125
107	7	368
5401	9	719
1	1	1531
12	1	1559
7	1	1853
124	3	2116
5	1	3709
83161	2	3902
2	2	4758
242	20	4773
2	1	4864
1922	2	5606
13	1	5742
12	1	6039
175103	1	6231
3273580	7	6253
36	1	6419
87	2	6527
2322	18	6619
46	1	6661
6628	99	6848
112	1	7224
232	15	7418
24	2	7438
63	8	7590
886	19	8708
4	1	9667
21	1	10082
747	3	10838
594	4	11272
143	1	12177
110	2	12310
3114	16	12741
64	2	13370
271	1	14365
611	5	14615
30	1	15695
1022	11	15802
8	3	16135
233	1	16588
23386	1	16641
533	2	16758
1	1	17140
927	3	17145
93	8	17547
35	1	18267
509	5	18566
2414	9	18734
1003	1	19216
16	1	19600
7	1	19905
39	1	20303
139	10	20676
2	1	20912
3	1	21367
704	12	21859
4	1	22040
10	1	22379
6	1	22593
91529	2	23281
135608	2	23349
148	5	23383
51	2	23678
813	2	23934
11	1	24164
8	1	24282
838	57	24400
4580	62	24444
2	1	24869
10508	87	25019
7751	3	25753
2	1	25808
1017	1	26133
86	1	26794
65	2	27856
898	16	27951
8	1	28075
7	3	28114
70	3	28146
103	2	28685
53	1	28698
7	1	29247
33	1	29255
142	1	29802
8	1	29974
26	2	30517
15	1	30969
384	12	32277
44	1	32281
3	1	32806
1	1	33438
6523	3	35104
11	4	35908
83	1	36243
340	1	36393
16	2	36884
204	15	37105
4	1	37591
359	6	37965
122880	10	38022
33	1	38044
75	2	38306
5232	25	38529
6	1	40065
40	3	40285
14	1	41164
19	1	42687
10	1	42841
18	1	43727
8	1	43939
7	2	45176
649	3	45249
23078	30	45280
20	2	45459
32335	4	45787
17779	291	45916
2621	49	46023
284	6	46375
97417	1	46528
18	1	46790
246	1	47273
656	42	47331
2396	1	48744
4	4	51659
2	2	52995
75	1	53987
1	1	55366
1113	27	55501
22	2	57269
11	1	58400
1	1	59149
61	12	59167
94	1	61587
27	1	62011
2327	3	63920
474	6	64018
70	1	131232
16	2	131735
601	2	131893
57	1	131915
98	3	131920
395	17	133275
415	3	133297
5943	56	133480
142143	462	133579
2	2	133661
82	29	133982
1	1	134169
601	17	134316
41403	2	134692
34	2	134869
12	3	135031
4	1	135595
4	1	135629
286	17	135712
107	10	135778
2	1	135889
1376	12	136199
30	5	136287
1	1	136288
7	5	136481
606	20	136639
64	10	136723
7	1	136814
6	1	136839
44	13	136840
19215	86	136907
6	1	137540
1	1	137549
45	4	137572
1	1	137642
348	2	137666
11	1	137678
154	6	137815
3	1	137823
6	1	138745
44	12	140321
1	1	140394
15	2	140624
1	1	140636
329	1	140703
22	1	140900
70	1	141262
140	10	141474
21	1	141646
32	3	141893
63	5	141957
7	1	200138
8	2	201887
3	1	202354
4	2	202384
811	6	262210
3	1	262482
7	1	263276
23	2	264384
40	1	264437
172	6	264571
5	1	264800
22	5	266115
9	1	266336
35	1	267869
16	1	268618
15	2	271880
813	1	328125
424	1	395394
9030	4	72
311	2	158
25	5	362
7	1	647
38470	1	1449
228	18	1460
942	43	1479
428	19	2518
277358	1	2894
89	2	3602
236	2	4410
69338	238	4768
2275	11	4816
13784	18	4826
13315	156	6128
129150	2	6389
1664	12	6429
8241	2	7116
2433	6	7468
923	2	8047
199	6	8426
69	1	8437
67	7	9230
7336	42	9422
469	2	9466
1	1	9557
117	13	9905
12	2	9908
1151	7	9927
10	1	10200
489378	7	10967
35	1	11138
2	1	11328
32	1	11419
3080	20	12400
66144	1	13570
1	1	13628
8	1	13789
3926	8	14051
2	1	14203
407	1	14948
152	1	14969
2	1	15177
102398	1	15215
110	1	15305
139	9	15399
46	3	15435
18	1	16342
4503	9	16347
139	1	17113
6061	392	17470
1	1	17716
2415	31	17762
22012	637	17816
11	4	18017
11217	73	18159
9	2	18196
5361	76	18199
4	1	19158
4	1	19994
46	1	21088
52	4	21334
111	1	21710
1	1	21788
97	1	22070
759	1	22608
339	5	22652
2	1	23168
57	1	23241
3747	111	23655
3005	5	23966
20	5	24109
60969	2381	24139
2005	11	24863
118	2	26619
52	1	27216
10	1	28189
15	6	28623
180	2	29091
66	2	29600
22	1	30311
724	1	30710
139	2	31747
13	2	32181
61	1	32590
10	1	32703
1564	1	32860
42	1	33749
8	1	34569
76035	1	34576
34	1	34577
3	1	35575
79	8	35913
29	1	36223
1283	2	36534
26	2	36907
23	2	37129
14	1	37146
826	5	37315
51	1	37640
5	2	38071
159341	3	38258
13998	42	38794
57	3	39010
3	1	39122
79543	5	40339
4	1	41497
53	1	42115
1	1	42473
150	4	42772
12	2	43976
11	6	45356
835	9	45498
385	7	45661
1207	47	45725
722	2	45924
93	1	47232
6	1	47952
8	1	48423
9	1	50780
3	1	51460
73	2	52373
3	1	53230
4	1	53418
17	1	53791
7	1	54266
776	59	55666
546	2	55884
12312	30	56068
6	1	56204
1401	110	56233
3	1	56399
25	1	56628
3215	495	58224
31	1	59151
12	3	59253
30	2	59361
2394	59	59362
47883	22	64095
94	18	131269
3	2	132351
4206	33	132770
2	1	132822
7	1	132941
6	1	133082
18506	4	133090
1978	4	133096
17	1	133107
2199	5	133111
21	1	133306
23710	61	133524
1	1	133679
1922	13	133726
10912	2	133739
2625	1	134081
119	6	134331
30	1	134411
254	19	134643
13	1	135046
626	4	135386
228	2	135523
6	3	135780
1797	23	135817
1	1	136354
12	1	136462
51	1	136592
57	2	136629
83	4	137221
25	3	137298
102	6	137482
45	4	138109
30	4	138197
2	2	138227
5	2	138423
16	2	138843
753	14	139007
237	10	139464
24	1	139832
627	11	140317
15	1	140616
158	8	140847
3418	89	141015
8	1	141092
183	5	141105
65	18	141386
62	7	142338
69	1	197524
33	1	199270
121	1	199298
20	6	199524
18	1	200614
13220	4	205272
13	1	206170
1	1	208905
16	1	212994
64	6	263310
1139	76	264668
5	1	265816
35	1	265950
3	1	268491
153	3	269351
136	5	270049
12	1	271821
43603	1	394612
3	1	397419
663	9	71
97	17	361
41	5	364
105	9	1477
47	6	1503
158939	3	1678
706	2	1747
21243	140	2516
13469	7	2519
1424	9	3249
64	1	3326
22	1	3663
86365	1997	4134
8	3	4237
24619	13	4667
35	2	4694
54	3	6040
451	16	7679
114	9	8447
50	3	9155
50	3	9443
2523	1	9536
1995	75	9873
1	1	10806
126	2	11215
2812	10	11232
266	5	12353
90	2	12361
657	80	12735
14	2	13188
142	4	13649
222	15	14117
2271	14	14754
2	1	14839
1008	2	15707
116	2	16527
8	1	16696
189	2	17377
60	2	17426
29345	34	17492
10	1	17802
69	1	19605
12	1	21782
62	1	22561
134	4	22764
3	1	23314
886	17	23673
263	36	23860
50637	28	23905
266	10	23923
1	1	24530
2	1	24532
510	1	25039
198	4	25490
26	2	25762
131	1	25923
3	1	26334
586	1	27015
93	5	27884
35	26	27926
68	5	27932
5	1	27983
10	1	28026
411	8	28032
201	7	28186
28	1	28284
60	1	28394
511	30	28573
1	1	28624
1	1	28628
11	3	28649
38	3	28668
7694	12	28878
3	1	29124
524	3	30164
943	2	30174
1	1	30259
129	1	32331
1	1	32528
2	1	34224
10953	2	37999
8	1	38193
3	1	38772
528	4	38803
54	1	39440
30	1	44869
176942	450	45177
7	1	45325
2	1	45655
1702	7	46269
1	1	46562
217	1	46687
545	2	47474
31	2	48075
133	5	48832
1315	7	49816
3548	1	51068
31	2	51074
9	1	52317
20	2	53008
34	1	53508
1	1	53804
122	1	54448
6840	1	55157
1201	29	55256
1	1	55353
3232	7	55524
17714	1	55747
11	3	55872
1	1	56246
3	2	57563
7	4	58524
2	1	58551
1	1	58576
1120	11	58640
1985	2	59209
9	1	61785
75	1	61802
10	1	62475
1308684	10	62802
5	1	62857
32	1	63267
8	1	63844
398671	419	131207
1	1	131325
90	3	131959
30678	6	132280
28214	33	132347
12	1	133443
2827	1	133578
4	2	134325
15	1	135118
6	1	135376
16	2	135405
6	2	136336
1166	10	136716
2	2	136724
3	1	137040
54	2	137245
796	6	137340
2805	30	137409
331	9	137653
8	2	137688
240	2	138163
67	3	138172
1	1	138213
8	2	138950
273	35	139008
1296	1	139306
99	2	140018
5	2	140025
2	1	140139
3078	13	140174
195	10	140385
1525	82	140726
11	3	141303
17	1	141392
1	1	142122
11	2	142137
4	4	142287
32	2	142318
9	1	198184
772	4	208677
20	2	213106
10	1	262424
4	1	263314
3	1	263629
49	6	263703
3504	2	264764
25	1	266269
69	2	268997
8	1	269004
4909	2	327812
6	1	328068
34	1	395624
33	2	396000
2	1	398382
3854	4	492
2	1	514
10	1	575
12	1	1476
27	1	1874
335	1	2161
160	2	2586
436	1	3096
247	5	3214
13	1	3265
872	9	3301
2991	12	3573
7	2	4007
8	1	4043
3211	3	4196
643	1	4454
18	1	4597
416	14	4764
439	3	5410
50	2	5603
2658	54	5650
521	1	6224
10	1	6877
287	2	6979
265	1	7098
2	1	7243
273	1	7359
24	3	7497
490058	16	7862
2987	112	8452
1276	1	8530
688	3	8903
5	1	8983
730	10	9506
51	4	9584
20	2	9605
44479	8159	9808
910	45	9832
144862	35	10022
54578	34	10024
996	20	10029
365	2	10032
28	6	10139
212	1	10204
520	2	10396
4904	3	10837
53	1	11525
83	1	11722
2	1	11733
1281	2	11992
35	2	12025
66	1	12301
1534	21	12479
74	1	12969
2	1	12978
46	1	13014
4251	25	13150
1	1	13524
154	2	14109
1188	8	14115
188	1	14188
3	1	14827
192	1	16211
318	3	16284
114	1	16746
48	1	16868
33	2	17073
1	1	17223
1089	6	17511
47	1	17564
14	3	17819
5	1	17912
31	3	17964
947	16	18230
53	3	18353
23	1	18563
1	1	18701
1323	54	18881
892	1	19335
4202	8	19739
873	1	19801
226	3	21127
283	2	21369
38	3	21599
2	1	21856
1	1	23858
109	5	24122
132	4	24173
2	1	24210
207	34	24547
3	1	25003
344	28	25820
34	1	26048
2034	19	27064
1466	1	27149
49	5	27988
118	1	28502
168037	1	29970
1	1	30742
1	1	31404
34	1	31869
3	1	32342
11	2	32537
4	1	35237
12	4	35916
50	1	36317
246	2	37053
114	4	37148
5	1	37492
1025	5	38370
2881	1	40154
172	1	40834
62	9	41378
20	1	42109
13	1	42926
16	1	44787
2	1	45226
15	7	45245
3214	201	45701
19	3	45786
18448	963	45804
76	1	46192
374	1	47364
44	1	50463
132	2	50734
147	4	51343
3	1	52840
4	1	53082
10	1	53102
11	6	54574
4736	29	55410
3069	5	55766
18	6	56042
1034062	6	56043
4368	125	56048
4851	26	58736
2	1	58759
93	2	58963
3	1	59242
99	1	59816
25	9	61317
5117	2	62929
60	1	63010
22	1	63483
84	33	63949
9	4	64300
1	1	131226
1	1	131755
13094	19	132007
143	1	132021
3716	1	132240
5	4	132453
11	1	132666
1	1	132752
3365	6	132923
6	1	133006
2120	22	133192
1	1	133762
1	1	133775
13323	43	133878
348	1	133881
21	1	133900
53	1	134099
187	1	134284
47	2	134648
7	1	134659
129	2	135373
477	29	135484
1468	1	135495
80	2	136103
16	1	136339
2	1	137028
7982	68	137645
9	1	137648
16	7	138082
2	1	138454
54	2	138482
194	1	138759
80	4	138810
1026	2	138943
9	2	139405
1	1	139941
2	1	140485
5	1	141073
14	1	198330
7	1	198848
72	1	202455
103	1	202921
1603	53	262186
4	1	263331
86	1	264556
37	1	265325
9	1	269338
28	1	269920
52	1	270007
21	1	270419
2532	4	328214
570	2	394453
105	1	394990
297	3	395461
3	1	399596
413	3	399734
14	1	246
62	14	1267
362	27	1463
40	2	2046
25	3	2828
104	4	3243
8	1	3308
604	9	4058
147408	7	4725
108	1	5602
657	19	5617
3	1	6582
273	6	6871
6309	43	7029
45930	59	7545
3188	1	7599
17	4	8100
1940	11	8764
60	2	8953
4	3	9387
2332	177	9829
16064	5	10143
9	2	10226
2662	89	10796
9	2	11259
368	17	11351
126	1	11620
11	2	12257
221	1	13724
2	2	14717
2	1	14743
15979	77	15169
674	13	16019
5	1	16392
209	1	16574
15	3	17147
196	1	17293
22	2	17400
21	9	17469
1726	23	17552
19	1	17807
85	14	17885
15	1	17948
2	1	18053
1	1	19091
4	2	19881
712	12	20055
3	1	20402
132	1	21093
22	1	21473
96	4	21574
5107	14	21724
1496	39	21928
8	2	23005
1070	1	23118
42	4	23201
33	2	23901
55	2	23949
404	4	24154
194	1	24182
19	1	24991
44	1	26123
206	1	26271
169	4	27030
412	1	27665
1971	2	27775
51	1	27837
79	1	28202
3	1	28210
13112	56	28548
9	2	28725
437	7	29119
2	1	29456
232	1	29894
278	3	33548
21	1	33712
137	4	33964
3	1	36488
203	2	36590
58	2	37184
28	2	37440
1318	35	37611
136	2	37919
1	1	38315
31420	2	38473
39	3	38527
113	6	38562
1315	1	38582
13	1	38722
2	1	38826
608	2	39545
11	1	41190
45	5	42003
87	5	42313
4	1	42708
8	1	42845
67	2	44407
3039	1	45164
133	78	45271
19	2	45558
79	19	45727
3	1	46068
74	1	46430
20	4	50010
1119	2	51100
139	1	51830
3	1	53005
771538	395	53813
1	1	54936
7	1	55821
624751	1331	55850
58742	1	55901
2543	103	55990
118	1	56992
6	1	57910
188	1	57958
2	1	58580
268	3	58800
100	2	59150
4	3	63655
15	7	131178
6	1	131272
6130	4	132023
220	8	132080
12	1	132924
14	1	132948
1	1	133011
1	1	133177
608	19	133481
46	2	133610
1	1	133623
70	1	133712
110	11	133854
5	1	133894
46	2	133945
681	8	133973
6	1	134110
2	1	134167
333	1	134178
234	11	134382
5	2	134520
266	26	134543
4	1	134715
4667	172	134773
80766	64	135069
20	3	135139
8	3	135724
2	2	135772
3	1	136079
314	2	136168
26	2	136306
88	1	136492
471	21	136698
1102	64	136823
359	21	136880
2	1	136958
674	32	137074
1	1	137131
9	1	137611
2	1	137671
108	13	137689
18	2	138059
13	2	138300
97	9	138320
16	1	138623
6	1	138854
9	1	139013
15	1	139418
3	2	139428
63	13	140310
1008	5	140330
5	2	140594
71	1	141176
424	1	141509
651	3	141532
2	1	141600
15	2	141799
1	1	141863
49	3	141976
9	4	142347
6	1	201069
87	1	201154
23	1	201204
14	1	202116
1079	6	202940
22	1	206495
583	87	209007
35	1	209540
33	2	262342
53	2	263774
71	2	265676
169	6	266893
27	5	267475
6	1	267629
3	1	268145
10	1	268573
8	2	269908
23	1	270984
1	1	271120
25150	2	271360
4	1	327794
50	1	327910
462	1	327943
3	1	328306
7	2	328845
341	1	396941
3	1	397790
1	1	329
3	1	351
148	7	531
9	1	603
17	2	1500
7	1	1901
12129	3	2570
584	1	3095
12	1	3221
30	23	4152
562	19	4804
29344	536	4808
10	2	5009
19	2	5180
273	10	5607
99	1	5690
18	3	6142
10	2	6332
114	1	6576
40	1	6752
10	2	7472
20	1	7616
15	1	7690
368	5	8368
18	2	8422
1387	14	9441
43	1	9999
53	3	10212
4	2	10217
2	1	11174
307	1	11949
89	1	12037
147	1	12399
1055	2	12566
10	3	13684
34	2	14652
417	1	14799
235	1	14955
1136	2	15776
47	1	15808
5	1	16832
1389	10	16960
1	1	17435
27250	408	17465
8	3	17648
3945	15	17882
8	1	18165
23803	1	18182
698	4	18206
127	8	20207
229	13	20473
75	1	21056
1156	23	21783
1	1	22323
4	1	22620
24649	180	24323
6	1	24364
2310	72	24432
291	48	24445
2	1	24519
51	30	24525
12	1	24677
54	7	24940
519	2	25512
27	1	25972
29	1	26034
133	1	26375
91	3	27695
11	1	28005
2	1	29066
529	2	29467
16	1	30266
1276	1	30526
107	1	30640
80	9	30689
238	2	30722
236	1	31449
13	1	31510
23	1	35753
5	1	36549
270	1	36968
593	12	36992
239	8	37168
211	9	38174
578	3	38201
6788	13	38437
2787	78	38511
5060	1	39768
273	1	41176
349	4	42337
120	1	42610
20386	96	45117
8	2	45298
14030	69	45671
163	2	46208
333	1	46353
1	1	47028
152	9	55699
716	14	55960
28	1	56329
1	1	56760
142	7	58424
17514	195	58678
1	1	58879
114	3	58945
37	1	59125
10	2	59275
2	1	64053
9	1	64092
186037	4	64096
7	2	64113
7	1	131285
7	1	131524
623	29	131717
148	1	132145
32808	116	132255
33	3	132480
20	9	132677
1	1	132934
3319	3	133101
1143	13	133159
14532	2	133370
3968	35	133590
36	4	133613
4624	56	133685
309	10	133954
9	3	134596
53	2	134630
413	3	135132
3	1	135242
1084	2	135328
2	1	135451
4600	3	135513
245	1	135606
3	1	135636
1	1	136360
2	1	136783
192	1	137268
212	7	138649
4	2	138865
6	1	139351
1	1	139369
92	2	139375
4	2	139967
1	1	139977
95	4	140080
32	3	140674
6	1	141153
138	1	141185
2	1	141275
28	2	141314
64	3	141484
16	1	141526
8	2	142459
281	2	196778
153	7	199276
36	1	200780
141	1	201394
41	1	203568
16	4	205110
9	1	206204
1104	1	208406
1	1	208821
15	2	262352
138	1	262777
510	11	262916
1	1	263030
9	1	263737
162	1	265198
24	1	266160
5	1	266668
9	2	267011
1	1	269183
8	3	269652
9	1	269771
21	2	269795
242	5	271903
3	1	327733
6043	9	327987
23	1	394838
3	1	395414
13831	1	395533
1	1	397122
1	1	310
2	1	1510
750	50	1541
2	1	2506
28711	5	3561
42	3	3614
2198	22	3786
134	1	3916
1491	13	4185
27650	1	4680
15009	5	5400
26192	5	5488
9	1	5511
156	11	5610
159	3	5631
4359	49	5769
8377	7	6503
85	3	6855
135615	448	7018
1497	63	7303
20	1	7511
35	1	7602
172	1	7695
452	1	7988
2948	1	8103
580	11	8968
184	1	9119
21121	48	9121
32668	14	9268
188	10	9269
2840	13	9658
3	1	9814
178	2	11486
3152897	2	11520
2089	3	11911
556	1	12009
112	3	12414
608	4	13576
121	2	13693
8	1	14043
122	1	14207
64	2	14561
66	1	15997
956	2	16117
8504	15	16629
183	7	17421
6805	3	17766
4326	1	17792
114	6	18021
744	1	18666
3082	21	19108
1101	6	19114
16	1	19389
47	1	21283
60	1	21789
3	1	22725
152	20	22927
9994	47	23991
2637	2	24012
12	2	24187
515	71	24309
8	1	25441
4	1	25617
152	1	27425
790	3	27742
10	1	28022
7	1	28156
2724	16	28534
151	5	28669
2366	7	28716
149	3	29691
148	3	30039
546	1	30041
3	1	30491
11	2	31816
20	1	32386
177	1	32787
14	1	32941
2774	19	33915
9	2	34820
106	6	35612
3	1	36375
59	2	36920
100	1	37179
22	1	37254
3	1	38057
16	3	38191
120	1	39642
137	1	39939
246	1	41549
19	1	43205
84	2	44786
472	9	45582
46352	102	45637
2817	70	45820
1914	33	45899
34	2	46273
65	5	48024
15	1	50796
31	1	51231
4	1	52718
8	1	52901
4	1	52940
76	2	53162
180	2	53231
8	1	53373
2	1	53907
7	2	54858
7	1	54864
2582	40	55406
3906	8	55555
21	1	55574
10	2	55685
30977	9	56028
4245	101	56041
3	1	56456
7	1	58421
22003	6	58511
81	1	58541
492	2	59499
130	12	64029
211	10	131090
3	1	131354
242	11	132165
6686	3	132722
3388	6	132815
3643	2	132838
63	2	132882
38	1	133278
29	1	133421
1	1	134177
31	1	134270
3	2	134651
6	1	134764
2212	1	135358
22361	8	135393
34	1	135407
8	2	135480
52	1	135572
102	2	135722
1	1	135768
18	2	135777
88	5	136315
13	1	136355
2	2	136720
23	1	136803
18	2	137349
19	1	137888
3	2	138520
3587	34	138873
51	1	139352
5	1	139432
13	2	139601
21	1	139898
210	9	139957
1	1	140157
1	1	141269
1	1	141295
34	1	141480
34	2	197882
1729	1	200291
13613	1	204256
459	9	205254
39	1	205424
16	1	205718
1	1	213320
24	2	262145
235	6	262854
25	1	263073
4	2	263327
29	8	264825
62	1	265798
15	1	266069
3	1	266465
1	1	270026
6	1	270280
44	1	270989
289	3	328237
22	1	328676
254	1	393442
2	1	393827
708	4	398704
128	2	331
239	4	803
843404	1314	812
265	1	1651
7	2	1836
29	1	2044
3	1	3464
9240	90	3549
558	2	3593
1158	8	3816
5846	1	3923
296	38	4760
4136	81	4788
2	1	4859
1009	7	5416
62810	2	5635
4276	20	6327
26	3	6697
554	17	6830
15	1	7456
1841	4	7600
24	1	8346
138	2	9224
5	1	9228
28	2	9238
2	1	9246
75	1	9310
3353634	3752	9500
66	3	9924
24	2	11556
16	2	11870
2999	2	12119
397	1	12406
808	9	13037
1493	16	13489
3500	2	13977
114	6	14398
4	1	14654
142	8	14868
8	1	15256
783	1	15343
20	1	16604
2076	6	16713
130	2	17229
9	1	17971
3	1	17994
19414	367	18002
33	16	18004
8	1	18382
122	2	19236
9	2	19820
859	2	20328
102	1	20860
4	1	21017
9	2	21021
42	1	21272
2	1	22334
262	4	23853
209386	74	24516
48	6	24921
10	2	25159
12	1	25215
115	2	25252
15	1	25255
94	1	25830
520	4	25899
112	1	26109
117	1	26793
169	1	27026
3	1	27632
7	1	27941
3	1	28330
418	12	28545
12	1	29046
92	3	29838
46	3	30600
60	2	31027
3	1	33045
781	1	33055
6	1	34356
1	1	36865
14	1	37088
101	9	37542
32	1	37546
2	1	38577
24	1	38835
8	1	39028
9	2	39603
8	4	45429
1373	1	45437
1	1	45607
4	1	51055
61	1	51178
200	11	51561
63	1	51604
16	1	52233
326	3	52286
6	2	53059
1228408	16353	55836
37582	302	56268
631	1	56307
509	1	57795
14264	24	58376
2	1	58481
8427	84	58610
252	3	58715
51	7	58923
1430	22	58965
5573	2	60788
1	1	61129
3	1	61935
1696	6	62347
22598	8	131291
16183	88	132556
22	1	132712
35	22	133287
3878	90	133676
5923	20	133736
2885	8	133929
6	2	134277
10172	10	134378
4990	13	134429
1	1	134707
682	31	134762
1768	3	134763
263	3	134878
908	1	135127
861	17	135182
1	1	135209
12462	19	135352
8	4	135834
12	1	136433
22	3	136897
2771	3	136965
1	1	137110
2	1	137236
2475	6	137443
2	1	137836
16	3	137925
7	1	138084
2720	5	138421
1707	54	138536
7	1	138629
4	1	138797
3108	3	138997
13	1	139284
5	2	139409
35	1	140097
12	2	141616
21	3	141917
6257	122	142488
6	1	201738
1188	3	202276
207	2	203209
180	1	204642
19	1	207161
12127	2	212562
224	3	262197
265	9	262757
2	1	262833
12	1	263023
4	1	264160
1	1	265335
88	7	266769
6	1	266938
1	1	268071
268	3	268248
55	5	269346
64	2	269832
37	10	270340
13	1	270862
66	1	328114
13	1	394301
40	1	394573
4	1	395748
7068	1	397161
9	2	334
5	1	336
3	1	340
237	7	703
8	1	1313
76	3	1563
453	2	2110
2	2	2152
23	1	2381
239	6	2686
5490060	7	3379
857	39	3758
20	3	4811
25	2	5377
192	1	5394
50	2	6034
998	25	6167
14	1	6315
3	1	6559
8	1	6813
44	4	7131
76	1	7883
45	1	8361
14	1	8487
235	5	9105
26337	2	9509
62	2	10000
101584	2396	10013
1	1	10094
6509	3	10146
1665	2	10455
90	3	11290
63	3	11814
2267	3	12302
21	1	12611
64	1	12651
510	3	13127
45	1	13189
1793	1	13237
50	1	13807
15060	3	14279
16	1	14298
6	1	14453
31	7	15311
6	1	16967
4	1	17385
12	2	17586
10	1	17645
763	1	17887
22089	31	18015
1997	50	18046
5230	2	18703
3	1	20103
18	1	20712
487	5	21050
12	1	21981
1	1	22048
1057	14	22284
1	1	22527
221	4	23002
59	5	23243
1	1	23661
90	1	23666
5	1	23959
73	1	24023
15274	54	24028
152	1	24459
70	4	24757
27917	1	25181
356	5	25472
306	2	26478
121	1	26989
2525	44	27699
246	5	28118
79	1	28457
139	17	28885
148	3	31126
23	2	31430
68	1	32309
214	2	33651
57	2	34086
8	1	34261
121	1	34536
4	1	34594
94	1	34704
164	1	35033
159	1	35313
10	2	35928
3	2	36031
1	1	36490
25	1	36929
60	1	37239
3	1	37347
52	3	37451
279	2	37653
19796	115	38026
5	1	38836
9	2	39020
20	1	41032
46	1	41105
79	2	41435
20	1	42160
44	1	45190
166	1	45445
19408	13	45458
24	1	48206
11	1	49136
36	1	50266
8	1	51825
3588	30	52468
743	90	55427
935	24	55693
2	1	55769
2	2	56209
4	1	56239
33	1	56274
191	4	56300
19665	1008	58369
104	3	58504
262	13	58558
27	1	58683
273	2	59842
17	1	61512
6	1	61889
3657	89	63526
3366	3	131296
9	1	131324
1	1	131445
951	2	131459
19	1	131918
702	7	132167
845	10	132215
209	6	132641
686	10	132692
90	1	132950
2	2	133232
2	1	133311
1	1	133597
131	11	133612
107	2	133714
588	4	133720
2766	1	133870
17327	6	134141
9	2	134271
1	1	134304
495	2	134736
32	3	134739
644	6	134877
1	1	135702
101	2	136426
17	1	136582
2	1	136697
2792	24	136969
1443	2	137495
272	1	137510
3	2	137526
382	1	138468
14	2	138546
12	4	138915
1	1	138983
3	1	139711
54	2	140546
508	2	140680
1	1	141128
12	1	141147
726	18	141309
7	1	141452
4	1	142317
5	2	198605
29	3	198735
33	1	199233
51	3	204170
1158	2	205409
3	1	205513
48	31	262150
5	1	262273
55	2	262296
16	2	262318
16	3	262498
4	1	262740
338	3	262814
134	1	263626
2105	2	264159
27	1	265290
6	1	266967
17	1	267857
18	1	269905
6	1	327901
23	1	328785
193	3	395597
40	1	398035
29	2	399325
12	1	326
304766	312	1221
32	1	1494
12	1	1519
63	8	1527
2	2	1761
4	2	1968
113	5	2119
2289	15	2611
61486	2	2907
46	9	3302
1315	72	3462
7	1	4318
117	1	4589
3730	7	5588
15084	365	6147
6	2	6412
9	1	6759
681	18	6866
4687	5	6949
658	1	7068
1664	3	7246
1	1	7482
78494	872	7922
196	1	9842
35	1	9919
220	1	10209
15	1	10370
11	1	10938
653	5	11179
4	1	11562
11	1	11668
154	3	11676
151	12	11830
500	6	12578
86	6	13285
11	1	13636
6	1	14014
490	4	14178
466	1	14230
4	1	14813
7	1	14979
3	1	15084
411	3	15525
9211	3	15533
18	1	15796
55	1	16236
496	1	16669
3815	4	17054
3	1	17356
32	11	17439
1976	519	17962
1536	19	17995
124	23	18001
3	1	18033
66	2	18678
2315	5	18747
243	2	19332
6	1	19806
48	1	20412
63	2	20771
17	1	21430
3	1	21553
3975	1	22177
517	2	22408
13	3	22646
17	3	22812
14	2	22869
5	1	23498
1776	33	23724
4	3	23752
182	4	23878
69	4	24391
35662	98	24398
2	1	24441
11822	475	24499
22	2	25983
170	1	26190
5	1	26276
320	8	26617
11	1	27668
401	5	28438
162	7	29465
219	50	30873
8	1	31890
441	2	33218
20	1	34038
25	1	34216
118	2	34660
12	1	35911
5	1	36502
1	1	38150
5215	46	38330
1	1	38461
180	2	39699
278	1	40523
2	1	42587
55	1	43460
16	2	43561
2366	8	45110
598	41	45716
9	1	45838
1	1	45942
610	4	46163
1027	1	47444
4	1	48794
2	1	50304
6	1	50597
15	1	50629
387	3	51043
3	1	52336
282	13	52458
925	1	54048
98	5	55430
18	4	55636
3542	5	55702
61	1	55806
1	1	56077
10	4	58065
189	3	58485
83	3	60142
12	3	61452
4265	5	62058
15	4	63851
22286	48	63927
621	4	63981
1	1	132780
1	1	132976
1	1	133115
59	4	133248
126	12	133352
24	1	133841
4373	2	133920
2	2	134113
6	1	134227
1	1	134340
15	1	134711
10144	64	134772
202	1	134809
50	1	135087
90	2	135654
113	1	135756
27	1	136055
22	1	136092
5	1	136479
18	3	136514
1	1	136525
478	27	136885
1	1	137316
14	7	137329
168	16	137591
20	3	137872
40	1	137885
9180	7	137922
195	9	138384
389	2	138610
1	1	138830
2	1	138862
229	3	139490
16	1	139884
25	6	139946
1	1	139997
10	2	140499
1	1	141014
3	1	141077
3	1	141097
12	1	141639
33	1	141745
8	1	142552
6	1	199010
74	3	205080
73	1	205099
507	1	205992
701	6	206509
26	1	265423
256	1	265561
3	1	266233
7	1	266853
8	2	267308
8	2	269308
2	2	269804
346	1	327950
11	1	328585
152	1	395137
33	3	395516
12	1	397167
11	1	322
4	1	339
12	2	342
1608	109	383
10171	3	490
2764	8	702
3918	6	1341
12	1	4021
1170	4	5483
8	2	5552
172	2	5774
275	16	6057
9241	18	6461
319	20	6799
10	1	7065
2	1	7991
38	1	7992
169	1	8201
1305	29	8220
102	3	8359
81	1	8640
15	1	9293
1261	2	9797
9	1	11731
133	8	11776
307	2	11976
1	1	12238
3	1	13657
9	1	14584
137	1	16229
4	1	17038
101543	27	17390
2	1	17405
114757	37	17477
374	18	17551
27	3	17727
10	2	17775
574	1	17841
1560	14	18119
392	1	19009
697	2	19460
827	1	19551
116	1	19754
6	1	21019
645753	6	22252
102	2	22438
946246	13	22460
7	1	22466
2330683	83	22616
14596	2	22908
2	1	23332
29	1	23503
4	2	23520
15752	276	23688
2	1	23793
471	13	23956
244	2	24645
48	1	26454
381	9	27882
3	1	28096
64	1	28723
2	1	32110
30	1	32289
5409	4	32413
1	1	32475
4	3	32780
66	1	34442
3	1	35865
11	1	36315
26443	25	36692
2286	118	38067
4	1	38156
32	1	38452
4	1	38564
25	11	38623
1	1	38900
149	1	40111
15	1	41041
118	9	45194
4752	123	45326
3	1	45557
3729	62	45766
1	1	46049
992	1	46073
106	1	47563
2	1	48951
332	1	50628
223	1	51060
1	1	52444
137	1	52471
26	2	52488
58	1	54142
85	2	54600
578	16	55330
77	8	55824
2845	1	55857
70	1	55900
6	1	56171
2	1	56197
3466	1	56240
37	2	56902
19	4	57389
460	26	58474
16	1	58519
760	15	58966
1	1	59276
316	9	59365
61	2	59724
2	1	60372
166	1	62839
83	2	63962
760	68	64037
35	4	64315
14	1	131464
5	2	132053
2	2	132447
177	29	132669
3113	19	132744
6	1	133013
1926	9	133187
84	2	133400
1	1	133660
11	3	133713
4	1	134000
72	10	134674
17	1	134737
415	1	135288
1	1	135449
9	1	136145
131	4	136177
32	1	137018
953	21	137088
47	1	137107
2	2	137109
1	1	137121
8	2	137967
750	2	138187
14	3	138298
178	16	138313
13	1	138621
50	1	138638
30	3	138755
6	1	138926
9	4	139195
2	1	139423
281	8	140242
451	8	141538
2	1	141846
533	1	198004
122	1	198736
12	1	199849
66	1	202577
214	2	210309
32	1	262154
1	1	262494
156	21	263230
1	1	264704
18	2	265684
23	1	266305
4	1	266626
28	7	270481
3	1	270938
301	2	327907
5137	1	394974
36	2	395592
3	1	397270
