#Field:count	sourceIPCount	endUserASN
2	1	306
230	2	1348
27049	1	1449
24	1	1451
4250	2	2134
967	39	2527
1349	16	2611
271249	1	2894
1330	31	3209
20	2	3292
85	2	3602
33	1	4410
61	14	4760
3182	51	5650
10275	123	6128
194	1	6296
72	2	6697
9	1	8334
125	2	8339
13	1	8346
18	1	8399
52	5	8437
1	1	8517
3	1	8675
21	1	8717
20	1	8983
6	2	9605
15	1	10021
337	11	10139
38	1	10370
21	4	10474
90	1	10695
449586	8	10967
266	9	13489
1	1	13684
6	1	13857
1	1	13878
61	1	13971
9	2	14652
12	1	14957
1	1	16322
516	3	16504
2	1	16811
75	1	17049
79	2	17211
19	2	17429
2	1	17539
10	1	18196
1948	76	18199
206	2	18530
93	1	19653
16	5	20207
30	3	20771
8	3	20860
49	2	21339
7088	45	22394
5	1	22992
163	1	23265
20	6	24109
13	9	24203
1697	1	24327
908	2	24331
2	2	24476
18	1	24921
93604	4	26072
92	1	26190
15	1	27980
2	1	28007
225	6	28545
280	1	30372
5	1	31252
8141	2	33662
8	1	35916
46	1	37125
1	1	37133
1300	79	38320
438	1	40154
48	8	41378
3	1	44735
19	8	45475
458	279	45609
4	1	45622
34616	16	46313
6	1	50158
7	1	51336
22605	11	51964
288	11	52363
14	1	52422
230	11	52458
4628	356	52958
2	1	52965
1090357	12150	55836
656451	6	56043
1777	87	56048
3	1	56054
1665	25	56068
13	1	57007
70	2	57743
38	5	58424
1427	33	58965
16	1	59816
22	2	63617
1	1	63835
7	3	63932
2309	12	131476
3	1	131686
10	5	132480
3	1	132567
1	1	132637
6249	57	132857
4	1	133119
27148	84	133524
12	1	133817
2099	1	134081
56	3	134301
899	4	134542
6	1	134756
13	2	134886
431	2	135132
192	1	135606
2	1	135718
2131	19	135817
42	2	136780
2	1	137969
8	3	138089
4	1	138362
68	2	139375
71	2	139409
111	7	139464
9	1	140616
48	3	140711
36	1	140847
46	16	199312
21	1	199675
6	1	201890
28	1	202561
2	2	203020
4407	10	203724
5	3	205110
22	4	207492
3	1	209799
1	1	213145
2	1	264446
15	1	265111
69	1	265668
1	1	268718
12	1	270419
4	1	328582
14	1	394301
457	1	397422
27	2	665
6	1	1463
7	2	1464
36	1	1468
79	2	2116
34116	11	2687
88433	2	3902
43405	19	4515
1	1	4785
15429	133	4847
4	2	4868
8	1	5394
34	2	6501
21	3	7590
38	1	8412
15	1	8821
1	1	9794
3286	1	9797
1210	69	9873
7	2	10075
3113	37	10796
646	1	11971
4	1	12173
41	2	12353
226	2	12361
8	3	12975
306	1	13512
45	2	14298
3	1	14453
266	13	14754
2163219	2	15147
11962	59	15169
2026	1	15225
347	8	16019
2304	12	17062
6	1	17378
2	2	17501
730	2	17766
1435	15	17903
3	1	18371
505	1	18666
18	2	18816
91	1	19605
10	1	19614
22	1	19622
2	1	20161
459	5	20650
30	5	23650
48	3	23934
3	1	23994
2498	3	24012
1	1	24023
4	1	24416
298	51	24444
2	1	24530
1	1	24869
6	1	25031
462	1	25039
385	5	25472
190	1	26478
2	2	27725
78	2	27729
15	1	27953
5	2	28114
3221	35	28548
47	3	28668
3	1	30325
18	1	32289
68	1	32787
208	1	33042
650	1	34779
72	1	34946
62	5	35612
2	1	36236
126	1	36813
76	5	37105
64	2	37451
7	3	38191
270	3	38197
11	2	38522
1143	1	38582
5	2	38614
8	1	38722
36	1	41105
2	1	41148
60	1	42010
1	1	42831
1727	32	45899
364	1	46687
4	1	46971
10	1	48503
27	2	49800
1692	2	51100
20	1	51590
1	1	52341
6	1	53741
105169	7	53766
42920	1	55157
2098	30	55352
831	66	55814
1	1	55824
4926	165	56041
166	22	56044
2080	1	56240
396	23	58768
612	1	60257
13	1	62475
1	1	63023
2	1	64052
3	1	131459
51	6	131697
7	2	132053
1721	2	132722
1	1	132957
56	2	133610
36	6	133633
283	4	133636
15	4	133696
34268	444	134033
3	1	134119
10	1	134167
2	2	134371
12	1	134520
10	3	134674
3	1	135258
553	1	135307
2	1	135333
588	1	135358
7	1	135563
24	1	135572
11	2	135820
1	1	136118
96	8	136190
3	3	136308
176	17	136698
380	43	136823
1	1	137263
3	1	137806
12	6	137862
1214	1	138035
53	17	138149
130	25	138574
219	14	138823
3	1	139711
2	1	140025
4	1	140172
93	11	140310
11	2	140900
177	9	141184
116	1	141532
12	5	141652
5	3	141892
12	7	197207
124	7	197897
6	1	201211
28	1	202116
11	1	205199
183	14	262572
2	1	262813
111	3	262814
21	1	263238
7	1	263327
22	9	264571
102	2	264835
1	1	265631
2	1	265760
27	1	266069
33	2	266809
141	3	266893
2	1	267594
22	3	270062
524	3	327933
41	2	328319
1	1	395839
258065	197	396982
44	1	397142
64	1	397790
25058	136	209
24	1	327
124061	1004	812
3	1	1479
79879	137	1843
65	1	2586
25109	73	3549
21542	401	4808
10	2	5578
60850	2	5635
1	1	7203
2328	5	7358
723	4	7600
28	1	7693
112	3	8468
46	10	8881
51	1	9116
1	1	9432
719	149	9500
30	2	9830
668	35	9832
4	1	9924
8942	11	11172
175	8	11342
18	1	11589
66	1	12399
387	1	12406
347	1	12708
364	3	13119
6900	17	13150
26	1	14201
97	1	14566
15	3	14630
10	1	15221
528	1	15343
16	1	15435
5	1	15659
955	2	15776
33	1	15806
6	1	16569
3	1	17216
1	1	17658
325	1	18378
8	1	18880
1069	16	19429
259779	1713	20115
371	1	22608
87	2	22646
24	1	23082
2252	5	23404
8561	680	23679
1362	10	23724
234	36	24445
52	15	25820
249	3	25899
14	3	26592
4	2	27839
128	1	28316
2	1	28329
268	17	28523
287	4	29465
53	3	29695
13	6	30873
1	1	31117
129	2	31747
605	1	32307
17	2	33132
8	1	34245
439713	1	34576
5	1	35728
106	1	36715
32	7	36907
8	1	36916
3155	1	37005
2	1	37094
17	1	37529
25	1	37665
219	14	38019
1	1	38143
1	1	38673
22	12	40676
202	1	42298
22	1	42943
13	1	43372
12	1	43670
3633	23	45090
16	1	45131
5	5	45245
3	1	45264
5312	324	45775
1960	1	46118
226	1	46353
8	1	47232
3	1	50551
423	2	53828
8	1	54036
40	2	54755
5	2	55636
1329	6	55649
186	1	55780
5	3	56110
23111	300	56268
101	1	56665
1	1	57218
10	1	58444
2	1	58610
235	2	58681
1	1	58715
10	3	61745
683	22	63888
80	32	63949
12	7	131269
15	1	131284
5	1	131337
1	1	132045
3942	350	132116
25	1	132145
207	1	132240
112	2	132355
1084	4	132529
94	4	132585
444	1	132720
3650	6	132787
29	2	132829
402	2	132923
2	1	133007
92	1	133055
1	1	133285
1775	25	133590
1	1	133841
6	3	133954
25	2	134069
228	8	134319
9	1	135654
2615	24	136200
201	10	136292
3	1	136374
108	3	136429
4	1	136442
1	1	137093
928	2	138005
6	1	138100
264	13	138557
380	12	138701
89	1	138903
318	29	139007
2	1	139768
2	1	140226
6	1	141626
20	1	199942
6	1	210116
19	1	262197
91	17	262499
36	2	262757
52	1	263432
1	1	263702
122	2	264360
2	1	264702
3	1	265705
23	2	265855
13	1	266233
5	1	268491
47	2	269351
7	1	269771
70	1	393846
1	1	394473
6	1	396173
3	1	397275
16	2	490
10378	175	701
2	1	1313
1	1	1498
24	3	1541
232578	4	1678
11995	4	2519
641	1	2538
154	2	4185
51496	1	4680
3	1	5078
17683	5	5400
87	6	5413
52312	1	6231
3	1	6535
190	3	6871
50	1	7057
184	3	7459
78	1	7599
7	1	7602
6	1	8015
1618	2	8201
11	2	9269
242	11	9304
200	5	9365
199243	204	9431
11	4	9541
318	1	10242
24	1	10666
6	1	11489
766	1	12128
24	1	12611
64	1	13127
694	5	13576
2744	16	14299
6	1	14568
54	1	15108
8	3	16232
10	5	16276
6	1	16700
292	1	17423
415	2	17542
8	1	17894
98	6	18021
4612	25	18400
118	1	18964
12	1	19751
170	1	20295
18	1	20712
12	1	21412
305	10	21859
620842	6	22252
2	1	22925
14	1	23383
1329	81	24342
15	1	24395
70	3	24757
780	24	25019
12	2	25617
8268	3	25753
185	3	27264
3	1	28368
2	2	28509
3905	6	28716
3	1	30638
14	3	32098
176	5	32133
148	1	32444
461	1	34774
78	1	36610
13	1	37612
25	2	38306
73	1	43797
9389	8	45215
127	36	45271
4224	77	45637
875	15	45758
1	1	45959
1	1	46816
12	3	48024
172	1	49392
2	1	51074
3	1	52444
2	1	53984
3426	6	55524
3	1	55821
128796	101	56186
5907	38	56272
47	2	56595
105	4	58800
226	3	58907
1	1	59127
1	1	59155
1141258	15	62802
920	34	63526
13	2	64072
116	8	64315
286	1	131262
4	1	131354
18	2	132298
10	1	132442
2	1	132587
6	2	132652
30	12	132669
7520	1	132723
64	8	133275
12	1	133297
13	2	133443
47177	462	133579
1	1	133980
2	1	134026
3	1	134134
703	1	134178
11	2	134341
38	1	134781
21	4	135032
3	1	135181
7	4	135206
2	1	135385
9	7	135455
1	1	135480
98	10	135712
1	1	135777
78	7	136480
344	3	136499
587	23	136719
529	17	137088
6	2	137349
496	32	137409
367	1	137495
6	1	137611
40206	13	137697
3	1	138187
5	1	138606
130	41	139043
7	1	139338
30	1	139446
2	1	139817
2558	45	140174
5	2	141128
96	3	141522
26	2	141646
9	1	197638
8	1	198589
1429	2	199335
10	1	206495
21	5	208677
458	13	262253
93	13	262414
1	1	264108
43	1	264437
9	2	264825
3	1	265525
6	2	265646
4	1	267629
42	5	268771
520	1	395394
327	9	174
3	1	220
146	7	1136
29280	3	1299
4	1	1790
8	1	2161
6	1	2379
36	1	3084
4305	34	3215
2046	29	3257
138	32	3302
121	2	3303
909	7	4181
326	38	4538
2	1	4780
361688	313	4812
2439	27	5089
6739	273	6147
91	2	7575
6	2	7633
3240	2	7687
81588	610	7922
32	3	8866
164	2	9166
22744	65	9303
28	1	9310
1	1	9457
381	2	9466
4	1	9584
243	2	9809
335	12	9930
302	1	11138
608	2	11179
3165	39	11427
387	10	12400
12	1	12552
36	1	13009
63	1	13037
15	1	13296
60	1	15089
2	1	15256
3917	2	16074
46	1	16082
150	1	16371
2793	372	17470
156	7	17666
3	1	17819
10	1	18353
19	2	18840
190	15	18881
167	1	19180
3	1	19421
3911	8	19739
2	1	20478
9	1	21088
21	1	22566
577	58	23655
8	1	24138
120	3	24173
1	1	24364
18	5	24481
2011	3	25387
4	1	25400
1201	2	25562
2	1	26470
134	1	26950
42	3	28126
166	4	28438
9	1	28615
17	1	28657
71	1	29231
289	1	30356
175	3	30600
2	1	31549
9	4	31898
6	1	32489
10	1	32537
3	1	33358
16	1	33749
79	2	37140
3	1	37146
1	1	37447
144	1	37492
1	1	38001
16737	1	38140
66	5	38174
1143	10	38305
1214	18	38437
6	1	38559
3	1	38744
377	1	45620
3	1	45767
121	1	46690
3	1	47956
6	1	48794
1	1	51048
1	1	52687
6	1	52688
1	1	53230
5	3	54574
1	1	55956
36	5	56042
11	1	58065
1	1	58762
247	1	59361
143	1	63222
4469	20	64095
8279	2	133090
75	13	133111
2	2	133662
2612	45	133685
1	1	133728
557	15	133736
1	1	133770
1	1	133798
2	1	133957
1	1	134099
200	4	134760
25	1	135232
3	1	135859
1	1	136092
60	1	136479
1	1	136946
8	2	137221
128	13	137554
263	12	137580
370	32	137584
2982	49	137645
3	1	137836
4	1	137891
171	10	138346
2	1	138398
53	2	138456
35	3	138830
1	1	138862
27239	1	139050
1	1	139549
60	1	139651
9	1	139967
7	2	140469
1348	59	141015
1	1	141071
22	16	141386
5	1	141423
45	8	141607
6	1	141916
99	8	199276
87	1	199298
4	1	201365
13	3	262916
9	1	263737
152	6	266802
8	1	268546
1	1	269183
142	2	269920
11	5	270433
6	4	271798
4	1	271822
363	3	328214
62	2	395137
783	3	395301
1857705	136	122
5	2	206
40	1	559
11472	74	2516
1096	5	3249
27339	2	3561
3	1	3918
35924	1573	4134
16764	13	4667
46	1	4721
258244	10742	4837
1	1	6157
3451134	7	6253
4	1	6559
8	1	6730
494	5	8053
20	1	8228
374	8	8968
119	3	9155
1	1	9340
60	2	9443
1124	2	9509
212	7	9824
1939	14	9988
2	1	10030
640	1	11734
3	1	11976
140	1	12513
403	73	12735
177	1	13693
479	1	13943
3	1	15048
2355	1	16641
6685	30	17492
1046	10	17754
3287	26	18015
11658	2	18539
4138	3	18703
276	1	18719
718	1	19551
6308	45	20001
927	1	20018
1210	1	21691
4	1	22381
131	4	23002
16	1	23118
63	1	23503
67	30	23700
6	1	23910
1	1	24332
771	47	24400
641	9	24554
156	59	24560
254	1	24645
2	1	25961
254	1	26133
137	1	26198
1	1	26527
4	1	27792
6	1	28026
58	4	28586
105	2	28669
1	1	28753
206	1	29990
231	2	30027
2	1	30680
3	1	31042
5	1	32277
249	1	32331
883	13	33383
8	1	34086
7	1	34244
4194	1	35104
21	1	35847
15	1	37353
160	12	38203
34988	3	38473
8	3	38592
10	1	38809
8	4	40065
3	1	40533
1	1	43885
3781	27	45280
523	1	45518
44	2	45589
24	1	45763
2346	69	45766
1	1	45768
14	1	45796
3	3	47172
1129	1	48744
28	1	51038
18	1	51060
336	7	52916
7	1	53008
47905	189	55561
24	1	55574
488	40	55701
16	2	56242
334	2	58543
3634	440	58659
19	3	59317
745	1	62839
33	1	63263
5	1	131324
6	2	131740
3	1	131775
1	1	132525
9	1	132763
266	1	132768
2162	5	132815
16	5	133385
75	1	133506
9466	3	134141
6	1	134326
2877	15	134359
122	13	134543
6	1	134702
170	6	134739
429	13	134841
1	1	134858
437	2	135607
14	2	136168
167	6	136199
26	6	136301
338	6	136434
1	1	136438
82	14	137689
259	6	138014
56	1	138163
357	21	138315
4	2	138950
104	1	139091
35	3	139223
13	8	140321
7	1	141669
1	1	141674
27	9	141680
21	4	201205
126	5	201984
7	3	206092
754	4	206841
8	1	213320
182	9	262210
26	5	262296
4	1	262847
2	1	264141
70	2	264857
29	2	265828
1	1	266732
14	1	267638
48	1	267857
96	3	270938
22	2	270989
154	1	395500
2	2	395954
215	1	396941
1	1	397545
242	1	397635
7523	4	72
6	1	647
2836	1	706
4	1	1103
394	1	1651
38864	3	2514
45	2	3067
601	5	4750
1218	20	4766
10616	18	4826
21	1	4913
1356	25	5384
188	1	6223
15	2	6621
1	1	6696
22	1	6700
68	1	7754
11	2	8422
637	44	8452
683	17	8551
125	35	9009
7763	171	9245
4	3	9326
294	7	9902
74	1	10200
30	1	10837
33	1	11419
325	1	11686
8	1	12066
588	3	12578
18	1	12714
189	1	12826
5	2	12876
825	5	12942
2	1	13628
6	1	14813
121	2	15450
111	2	16168
3	1	16284
3228	26	16591
41	20	17488
6867	32	17559
8901	365	17623
804	25	17638
89	4	17670
3	1	18033
1538	6	18153
4	1	18718
77	1	20255
50	3	21949
235	7	22047
6	2	22515
8548	82	22773
12	4	23752
97	1	23878
128	2	23930
371	1	23966
1	1	24211
2210	1	24291
2	1	24363
15481	50	24516
4	1	26005
4	1	26276
30	2	27064
664	1	27149
1	1	28087
12	6	28623
11	1	30337
3	1	31242
63123	55	33363
80173	9	33930
17	1	33953
262	25	34984
16	2	37284
19	3	37645
174	1	37719
5	1	38150
72	2	38524
2	1	39228
107	3	42337
1	1	42587
2	1	43722
850	25	45629
57	4	49628
36	1	51043
51	2	52263
4053	16	55410
4	1	55679
318	4	55702
272	14	55960
30	1	56628
5	1	57002
3669	1052	58224
10106	212	58678
3	1	59282
3	2	61452
4	3	62904
2311	2	62929
11281	49	63927
169	4	63963
4	1	63981
61	1	131210
138	1	132294
24	4	132351
160	2	132382
1	1	132677
12	2	133070
21528	2	133370
17185	15	133399
3	1	133627
8	1	133782
1	1	133812
267	4	133887
9	2	133900
967	2	133920
2196	9	133928
1	1	134055
2259	11	134294
1380	9	134378
64	8	134775
16	3	134810
24	2	134884
1	1	134910
376	2	135328
2165	10	135391
14	2	135451
26	6	135477
1	1	135692
1	1	135793
198	37	136065
692	12	136334
5	2	137329
150	4	137435
20	1	137996
148	3	138079
110	5	138384
2745	4	138421
467	42	138536
8	1	138568
20	1	139296
19	1	139832
50	7	139870
69	1	140097
48	14	140122
22	2	140384
52	1	201874
4	1	204848
29	1	205400
111	2	262191
170	13	262372
3	1	262503
1693	1	262570
23	1	264580
69	4	265739
56	1	267823
4	1	269804
526	10	71
177	4	203
2591	5	719
1780	4	1341
73	1	1423
133	1	1701
48	2	2711
36	2	4613
2993	15	4770
431	4	4983
20491	4	5488
3	1	6034
2	1	6040
18	1	6661
60	1	6849
160	1	7296
684	45	7552
17	2	8767
3533	16	9121
8467	17	9268
4940	1	9536
7017	3	10146
3	1	10299
518	6	11272
1541	13	11351
773	10	11404
6	1	12895
9	4	13335
64	2	13649
56159	2	14306
4	1	14561
636	7	14615
3	1	14862
4	1	15354
340	1	15707
3	1	16117
3	1	16592
45865	23	17390
165	57	17451
187	22	17557
1	1	17897
55	2	18126
49	13	18209
55	5	18399
3031	5	18566
1911418	2	18846
2057	13	19108
26	1	20116
3	1	21019
2499	1	21054
2	1	21058
6	1	21570
53	1	22411
2020459	62	22616
85	1	23666
4	1	23807
23	5	23889
47245	24	23905
81	7	23944
108	1	24233
711	48	24556
39	2	26210
695	1	26271
29645	3	26579
4882	31	27017
73	2	27775
115	5	27882
42	3	27932
5	1	28292
17	3	28538
62	1	28723
15	2	30039
74	1	33353
12	1	35110
1	1	35908
16	1	36180
5	1	37233
5296	129	38026
2	1	38226
235	20	38758
259856	1	41167
52	2	42864
29	1	44407
1	1	45148
180	25	45305
1	1	45350
212	1	45445
1	1	45588
1481	40	46023
357	2	46186
102300	1	46528
3	1	47273
17	3	51207
6	1	52602
10	3	52995
3	1	55309
1	1	55915
4	3	58524
986	17	58966
4090	184	59162
5	2	59209
23	1	60829
2	1	61568
41	8	61911
202916	85	62044
112	30	63859
29	5	63930
141	33	64037
28	9	131178
96	5	132280
11	8	132295
4166	75	132996
779	8	133556
193	4	133578
189	2	133606
19	1	133623
40	1	134110
628	20	134329
105	2	134481
2	1	134534
4	1	134715
9	2	134732
1	1	134968
71753	58	135069
66	1	135332
12	2	135405
18	1	135848
3	1	136030
36	11	136119
4	1	136461
1	1	136724
16829	21	136975
1	1	137132
57	2	138022
2	2	138300
53	2	138431
6	1	139958
129	2	140181
4	2	140189
1	1	140405
2	1	141198
1	1	141404
1	1	141562
1722	1	200291
13	5	202699
2	1	204170
1	1	204865
1	1	205544
45	1	207400
18	2	210309
5	1	262195
4	1	262318
131	23	262420
5	1	263790
5	1	264229
1	1	264704
31	2	265798
36	1	265913
48	10	266115
9	2	268942
1	1	269838
6	2	270070
9	4	270344
50	1	394451
5019	1	394974
11	1	395597
2070877	284	297
1	1	366
6	2	637
235	4	786
1	1	1241
107	12	3573
1	1	3842
8250	13	4049
99	5	4637
217	4	4764
18	1	5690
65	4	6041
15743	1	6389
256	5	6453
148	13	6471
4043	2	6949
27	2	8244
5	1	8619
8	1	9848
9	1	9893
75	5	10029
520	2	10032
145	5	11676
159	3	11830
72433	3	11985
81	1	11992
965	2	12119
126	2	12175
21	1	12389
119	1	13760
17	1	13954
5004	3	13977
5177	28	14259
12609	2	14537
234	1	14969
312	4	16326
3909	8	16347
22	2	16814
2	1	17231
17	2	17511
9086	317	17622
11346	32	17676
361	4	17964
10146	419	18002
7	6	18004
98	2	18933
859	1	19801
3	1	21267
61	14	21433
41	7	21887
3	1	22323
4	1	23190
322	1	24118
27428	1587	24139
4559	180	24323
4	1	24852
21857	5	25180
53	1	25417
27	1	26048
1	1	27632
963	32	27947
115	2	27989
25	2	28226
3	2	28331
1803	17	30036
58	1	30087
90	2	30466
4	1	31890
2	1	32342
227	1	32408
5	1	33556
4	1	34254
6	1	36291
7	1	37013
168725	2	38258
158	15	38566
7	2	38742
31	1	39402
6252	1	40341
34	1	40631
370	1	41176
59	1	42382
28	1	42610
57	3	42772
18	1	43343
2	2	45224
6441	136	45230
5	1	45289
266	6	45650
3	1	46032
3	3	48146
135	22	50710
2	1	51407
90	4	52280
2226	88	56040
60	2	56329
1	1	58561
48	6	58593
1043	16	58736
482	4	58923
4	3	58926
922	45	59362
5184	5	62058
182725	3	64096
40	1	131593
128	21	131749
2	1	132137
294900	114	132203
858	17	132770
38442	553	133384
209	4	133648
1171	10	133726
14	2	134594
4	3	134630
261	16	134840
1	1	135037
56	7	135228
10	1	135495
21	2	135760
2	1	135922
37	2	136965
143	1	137268
1	1	137292
2	1	137703
16	5	138482
1	1	138625
75	6	138649
187	1	139020
48	1	139035
3	1	139280
1	1	139806
56	2	139822
367	1	140144
22	8	140407
7	6	141410
354	21	141545
102	1	197524
74	1	198874
1	1	199524
2	1	201738
426	2	203209
57	1	206509
35	1	206561
76	2	212562
23	2	262352
7	2	262833
39	2	263310
9	1	265524
3	1	265950
77	7	266819
5	2	269832
78	4	270049
13	1	328309
9	2	395516
5844	1	397161
19	2	3
3	1	310
12	3	383
1354	45	3320
424	11	3758
514	15	3786
328	7	4058
1138	1	4352
19609	35	4809
641	11	5617
2	1	6039
2806	81	6848
1627	1	7718
23	1	8103
46	4	8447
181	9	9260
328	4	9658
3	1	9939
30	1	10094
156	1	10455
1	1	11109
7	1	12158
3083	2	12322
4	1	14121
184	1	14365
6	2	14463
96	1	15036
3	1	15542
171	10	17072
11	3	17147
350	1	17310
1	1	17382
4	2	17405
55	3	17547
440	13	17552
79988	365	17705
241	12	18103
306	1	18219
6	2	19738
106	1	19754
46	4	20676
986772	11	22460
20	2	23201
138	1	23550
29	5	23923
93	9	23956
84	6	24324
2	1	24532
11	1	25751
156	8	25951
8	1	26611
221	3	26615
104	1	26989
220	1	27364
250	1	27425
57	3	27742
17	12	27926
2	1	27964
154	2	28271
223	14	28555
14	4	29119
131	1	32035
39	1	32281
2044	15	33915
5327	55	36692
6	1	36920
39	1	37009
34	4	37531
21	1	38438
3	1	38496
423	8	38901
18	1	39577
5	1	40021
63	1	40111
10	1	40492
26	1	40729
4	1	40817
1	1	40861
4	1	41560
1	1	42708
21	2	42841
14	1	44786
1288474	2	46564
1269	9	47377
5	1	48206
162	1	50300
45	1	55039
10443	3	55567
18079	2	55747
78761	133	55947
1624	13	56030
1	1	56484
148	17	58474
4537	26	58666
1	1	59989
42	13	61648
2	1	61758
292	1	62915
7	2	63655
1	1	63844
64	6	64063
36	3	131464
3712	53	131583
26	1	131920
8	1	132148
11	2	132152
161	4	132615
5989	68	133001
1	1	133309
4706	223	133647
1	1	133695
82	3	133945
22	5	134001
27	1	134334
17	1	134845
10	4	135300
152258	1	135313
36	1	135371
114	1	135433
3	1	135861
58	1	136216
138	9	136674
9849	96	136795
39	1	136803
12	1	136958
408	8	137412
3	1	137432
2	2	137678
2107	17	138168
104	16	138220
3	1	138412
58	1	138499
111	8	138501
2	1	138837
133	16	139814
3	1	139986
28	6	141248
5	1	141642
4	1	203554
26	5	262571
3	2	262760
91	5	263047
3	1	263098
3	1	263314
2	1	264800
2	1	269190
664	1	327812
67	2	328237
68	5	328244
3	1	393796
345757	2	395198
17	1	1836
14	2	2914
431	16	3816
2337	1	4046
21	1	4618
135	6	4816
574	4	5416
2332	10	6327
37	15	6568
161	1	6576
791	1	6646
102	2	6713
2	1	6821
2080	18	6830
210	10	6866
321	2	6979
687	1	7246
3	2	7684
2	1	8190
8	1	8427
23	4	9198
54	3	9370
2322	13	9503
8	1	9738
149	76	9785
146284	33	10022
79	2	10204
7	2	10273
16761	6	10753
1743	4	10834
28	1	10921
2	1	11432
40	1	12025
2855	1	12422
318	13	12430
1	1	12709
12	1	13285
56	2	13636
129	1	13682
4	1	14034
240	11	14080
420	1	14948
569	5	15247
812	1	16623
546	1	16669
17	1	16868
96	1	17306
118	2	17386
2	2	17648
12398	181	18229
19	2	18678
460	7	18747
3	1	19158
47	2	19332
336	26	22884
87	1	23138
10	2	23470
1061	5	24005
265	15	24389
1261	44	24398
408	7	24492
10	1	24511
1079	11	24835
96	2	25252
130	1	25830
103	1	26034
449	1	26395
62	1	26425
17	6	27988
3	1	28260
12	2	29600
2	1	29992
125	1	30710
1	1	31027
140	1	31263
3	1	31449
3	1	32808
3	1	33166
24	1	35911
279	6	36994
4	1	37130
177	1	37150
19	2	37315
55	1	37385
178	18	37542
32410	576	37963
1818	2	38294
500	5	40526
20	1	42874
1289	7	44444
241	1	45269
2620	21	45410
51	4	45528
28	1	46192
623	1	47364
279	1	48728
74	3	48945
3	2	49981
7	1	50597
13	1	50780
32	1	51313
1	1	52613
140	1	53903
20	1	55391
5	1	55461
518	3	55766
163	33	56046
958	22	58689
117	5	58945
4	2	59278
3187	1	60788
38	1	60876
317	2	62347
463	1	62753
149	6	63957
18	3	63969
253	23	131717
8594	112	132255
6753	37	132449
18598	2	132576
11	2	133006
1861	2	133101
1017	29	133192
678	18	133234
1327	25	133878
259	3	134238
2713	7	134254
23	3	134860
20	6	135182
304	21	135339
589	17	135464
2	1	135750
1	1	135887
359	28	136557
4	3	136654
5	2	136787
11	1	136886
219	1	137269
2	1	137957
1	1	138197
4	1	139405
3	1	140312
3	1	140674
1	1	141339
8	7	141458
3	1	141898
24	1	198548
6	1	199010
45	1	200748
3	1	201678
1209	1	205992
35	3	264186
28	2	264556
680	66	264668
3	1	269422
1214	9	327987
12	1	328471
40251	1	394612
292	1	397412
63	1	397832
204	5	109
804	3	721
70	1	2110
15	1	2152
359	2	2665
56	4	2764
100	4	3614
16062	4	3737
298	1	4015
11584	265	4771
3	1	4977
44	1	5377
37	3	5378
287	4	5466
222	1	5580
1973	2	5606
5617	23	6167
3471	5	6503
71216	341	7018
229	2	7046
431	59	7303
4129	239	8151
3	1	8359
10	1	8374
6446471	5	9619
349	104	9790
23	2	9833
15955	7	10099
1651	16	11492
6832	1	11540
219	2	11776
24	1	12102
146	6	12741
167	13	12874
116	2	13110
21	1	13237
2	1	13370
80	40	14061
14993	3	14279
342	5	15502
21	1	15997
210	1	16229
1	1	17454
5	4	17747
5595	2	17792
297	1	18045
1	1	18053
791	4	18101
32	3	19114
17	1	19161
93666	1	19452
2	1	20093
605	13	22284
125	1	22561
25213	2	23281
53	2	23487
6	1	24002
2	1	24130
247	2	24182
40	1	25081
4	1	25369
42	5	26599
350	25	27699
98	2	27856
76	5	28118
7	1	28403
703	13	28556
90	1	29245
5637	1	35948
545	3	36012
35	1	36243
27	1	37100
16157	2	37999
61	10	38264
3	1	38379
132	4	38769
7	1	39238
459	2	39545
4	1	39857
118	1	39939
19	1	40108
16	1	41709
25	2	41872
3	1	42090
29	4	42313
84	1	42961
197	1	43065
76	5	44395
2	1	45158
1	1	45184
4	1	45417
1	1	48075
1008	1	49063
12	3	49136
139	4	50266
48	1	50628
76	3	52228
6	1	53005
27	2	53062
51	3	53231
199	1	53508
12	1	53804
9	2	54363
141092	1	54747
8	1	54858
1	1	55366
26	11	55577
132	1	55857
79285	1	55901
1252	14	58640
377	6	58664
105	4	59167
37	1	59807
13	1	63962
30	2	63998
143	3	64018
275	3	132245
4	1	133218
648	1	133870
27	1	134013
28	12	134837
4	2	135247
904	7	135393
7	2	135724
411	2	136271
406	1	136550
9	1	136552
6	1	136582
2	1	136873
398	6	136969
1	1	137020
27	1	137107
6	1	137331
35	4	137340
50	1	137572
1	1	137614
4	1	137653
114	1	137666
98	2	138127
2	1	138578
75	4	138718
1	1	138915
91	3	139423
3	1	139428
4	1	139972
16	1	140427
3	1	140641
12	1	140680
1101	61	140726
2	1	141303
52	1	206206
524	81	209007
238	14	212337
6	2	262854
84	3	263793
4	2	264387
111	3	265540
58	3	265643
31	2	327907
4	1	393513
10	2	395354
277	1	395694
19	1	396000
2	1	397285
210	2	158
82	17	452
4073	4	797
216	4	803
1479	9	852
74058	164	1221
4	2	1500
24	1	2044
170	1	3096
253	8	3132
232	4	3491
448	1	3853
5598	13	4230
73	1	4473
40	4	4685
329	23	4761
10	3	4818
12	1	5391
476	6	5713
130	1	6256
1637	6	7468
99	1	8193
280	6	8400
3	1	9051
517	87	9341
48	6	9506
4	1	9557
3	1	9597
3	1	9644
20637	5633	9808
3	1	9821
42420	238	9876
32	10	9905
3	1	9927
6	3	11260
104	1	11949
17	5	12392
27	2	13208
32	1	13717
308	17	13999
185	1	14188
1427	1	14230
336	1	14265
169	1	14363
87347	1	14802
59	3	15525
837	2	16050
3	1	16194
214	4	16735
765	12	16960
4	1	17033
18	3	17223
87	1	17229
22126	689	17465
17	1	17478
2781	14	17882
3	3	17917
1317	18	17995
1	1	18059
336	14	18230
26	1	18491
6	1	18872
14	1	19037
162	1	19809
2	1	19863
3	1	20723
4	1	20845
38	1	21272
3	1	21833
6278	1	22177
30	1	22260
465	4	22652
3	1	23225
131	53	23693
46	2	24122
27870	124	24183
8	3	24391
835	123	24432
98	1	24771
3	1	25853
57	6	26617
61	1	26919
3	1	28048
74	2	28165
20	1	29016
9	1	29314
49	1	29487
392	1	29571
16	1	30311
31951	1	30610
1	1	30633
6	1	31577
21	2	32242
72	1	32257
24	1	35985
1	1	36666
23	2	37148
33	1	37671
7	2	38071
45	2	38372
38	1	38906
197	5	40339
356	1	40523
3	1	42303
9	1	42774
18	1	43207
3	1	43561
616659	269	45267
1	1	45298
28	1	50463
19	4	51430
40	4	52373
5629	1	55743
555	75	56233
1450	5	58466
72	2	58963
6	1	59083
1804	10	59346
12	1	60718
2	1	61844
9	3	64113
1	1	64300
1	1	131755
1176	108	132960
300	7	133075
6	1	133537
7	1	134226
165	1	134714
8	1	134980
377	4	135023
306	28	135201
272	2	135386
1	1	135490
1795	2	135513
6	1	136024
444	9	136384
206	8	136463
26	1	136613
2	1	136841
152	24	136885
7	1	137000
4	2	137298
341	16	137363
30	3	137593
5	1	137648
7	2	137883
46	1	137885
5400	100	138245
10	2	138694
3	2	138886
513	1	138973
9	1	139080
42	4	139378
219	2	139490
37	4	139667
5	1	139884
2	2	140096
96	6	140732
62	1	140840
3	1	140849
32	1	141293
3	1	141710
1	1	200284
8478	6	205272
1	1	206375
12	1	210162
34	2	262875
27	1	263250
22	5	266769
40	2	266925
138	19	268344
37	2	268541
3	1	269795
1	1	270758
98	1	328708
5	1	393616
31	2	394453
215104	517	270
10	5	399
99	7	703
1597	7	1273
2	2	2535
24	1	6315
29	1	6419
3	1	6498
3272	15	6619
2336	478	7713
4	1	7883
28	2	8163
2	1	8487
329	1	8492
5383	18	9318
8408	8	9822
19597	4	10143
69	4	10620
382	3	10794
69	4	10991
29	1	11486
121	1	11635
585	6	11845
40	1	12177
34	1	13325
6948	5	13692
2	1	15304
2	2	15311
311	4	15695
1	1	15924
19	4	15962
9	1	17426
251	14	17551
2	1	17586
63377	5	17673
2	1	17724
40	1	17739
41	9	17885
5188	1	18113
83	7	18207
71	1	18271
793	15	18403
43	1	19281
2	1	20021
388	1	21817
5	1	22332
294	3	23068
45017	4	23148
123	1	23473
55	2	23678
4743	1	23916
21	5	23949
1937	29	24028
291	2	24154
149	1	24459
2510	217	25136
303658	3	26554
103	2	26827
8	1	27884
91	4	28032
36	5	28530
1777	10	28878
32	1	29736
10	1	29909
3	1	30598
16	1	33064
172	4	33964
444	1	36393
85	3	37919
93	13	38192
9	1	38256
2947	12	38477
10	2	38534
14	1	38562
48	13	38623
24	2	39651
1	1	41937
2	1	44869
3420	1	45164
654	2	45249
2099	7	45641
11	6	45648
2676	1	45737
122	5	46269
162	4	46375
44	1	46790
2078	2	49229
5	1	49583
605	7	49816
43	2	53158
46	2	53162
52	1	53289
2	2	56209
71	4	58682
385	13	58952
468	5	59322
1540	1	59717
4	1	61461
256	1	63052
110	3	63920
1	1	131293
4	1	131322
22	4	131445
1681	1	131893
108	3	132686
138	15	132744
268	10	132881
31	5	132978
37	1	133276
2	1	133469
168	1	134202
25	2	134651
517	8	134676
1	1	134749
4	3	134866
30	5	135025
65	1	135722
5	4	135872
20	6	136121
715	44	136322
1630	25	136494
8	2	138167
2	2	138290
50	4	138755
1	1	139024
38	2	139418
87	8	140018
50	9	140242
6	3	140314
1	1	140443
13	3	140481
21	2	141053
5	2	141262
1	1	141443
3	2	141461
2	1	141701
2	1	197308
2	1	203895
11	1	206067
3	1	262154
3	1	262259
907	1	264764
72	1	265676
9	1	266621
54	2	269738
21	1	270901
30	1	328125
4	1	394934
3	1	395228
11442	2	1239
123	6	1257
14	3	1467
5	2	1480
47	3	2518
1236	2	2570
42	1	2905
7	1	3265
2753	10	3301
3489	32	3352
810	52	3462
57633	38	3741
594	1	4454
435	1	4540
4	1	4589
899	11	4787
111	9	4804
78	1	5410
46	2	5588
1	1	6412
40	1	7403
343	11	7474
353	5	8167
813	1	8530
3	1	9228
3715	151	9299
975	34	9422
11345	88	9498
93	2	9650
1595	234	9657
1	1	9874
285	3	9911
147	1	10209
248	2	10264
43	3	11245
1677857	1	11685
99	8	12479
18	1	13036
1	1	13167
101	2	14010
1284	4	14051
928	5	14115
28	3	14868
871	2	16086
21	2	16342
80	3	16525
200	1	16746
344	4	17350
29756	2	17473
29	1	17480
953	12	17762
1022	297	17962
15244	1	18182
53	1	19151
25	2	19236
55	1	19331
1	1	19806
33299	1	20141
177	14	20473
2	1	20978
2	1	21230
742	2	22408
13	1	23125
27	8	23694
7	1	23820
79285	44	23838
45	2	24207
72	14	24523
4	1	24691
10	1	25171
6	2	25620
4	1	25836
40	2	25983
2	1	28236
9	1	28263
1	1	29838
1641	1	30383
237	1	30526
59	1	31877
127	2	32194
1	1	32875
47	1	33055
3	1	34781
10	1	35352
288	8	35913
130	1	36317
75	1	36524
9	1	37673
17	2	38195
10	1	38346
9259	38	38794
38	1	44776
10	2	45064
41	2	45079
32	7	45498
32	1	45649
213	5	45661
18	11	45669
1930	35	45671
118	29	45716
145	20	45725
2	1	46997
1	1	48847
1368	1	50432
486	1	51200
94	2	52233
6	1	52260
6	1	52336
38	1	53102
2	1	53913
2	1	55380
46	2	55516
3483	369	55666
220	7	55715
1567	4	55785
18	2	55944
9	1	55996
1	1	56002
1	1	56309
34710	1043	58969
123212	1	59109
52	1	59185
1	1	59274
11	6	60068
4	2	131267
10716	9	131291
79	3	132027
9852	63	132556
44	1	132712
17	1	133270
12	10	133287
2	1	133380
8527	6	133393
1264	82	133752
4	1	133811
4	1	133835
1495	1	133915
15	6	133988
13	5	134043
174	1	134284
2	1	134457
3	1	134524
2	1	134596
47	6	134633
15	1	134648
8	2	135076
749	1	135127
52	1	135373
39	1	135375
1	1	137163
1	1	137425
32	5	137959
72	12	138529
16	1	138716
1	1	139343
18	4	140080
11	4	140317
142	2	140545
653288	1	202161
253	2	202713
39	1	208406
3	1	208800
1	1	266410
6	1	267308
2	1	267686
8	1	267908
106	3	268248
142	2	271903
3348	1	2013
309	2	2828
17900	1	3389
337	4	4795
10	3	4842
109	4	5610
3	2	6042
159	1	6077
1	1	6307
2	1	6407
9657	12	6461
256	7	6799
133	24	6939
11	3	7131
659	11	7738
24	10	8100
2	1	8134
1087	4	8764
71	2	9394
13	2	9823
26790	1216	10013
777	5	10838
64	1	11233
8	2	11478
71	2	11814
104	1	12310
259	4	15557
1628	1	16886
3	1	17003
16	2	17471
57320	970	17621
16	5	18024
40813	61	18106
2	1	18112
1	1	18978
9	1	19137
34	2	19460
3	1	19881
147	1	21147
26	2	21574
280	7	22724
56	1	22899
230	4	23089
368	11	23673
9	5	23674
128	28	23750
8	2	23793
2	1	23959
44	12	24186
118	13	24550
1	1	25832
2	1	26250
65	4	27046
14	2	27066
182	1	27651
7	1	28156
68	2	28196
138	12	28573
43	2	28685
356	1	29828
2	1	30175
46	1	30764
3	1	33651
4718	1	33680
112	1	34697
50	1	35953
1204	85	38067
690	46	38712
2	1	38753
24	1	38803
8	1	40200
19	1	41124
26	1	42160
5	1	44034
175	5	45062
81038	346	45102
202	2	45179
4	2	45325
52	4	45433
1	1	45459
4917	4	45787
12651	306	45916
732	1	46849
146	2	47474
27	1	48359
118	1	48638
19	7	52361
4	1	52901
54	1	55485
3250	92	55990
8890	8	56028
22	1	58421
5	3	58826
1610	30	59165
6	1	63490
266	26	63873
31435	15	131239
60	5	131287
248	5	131296
99	19	131743
4	4	132165
252	26	132199
1922	2	132526
65	7	132692
8	1	133177
1	1	133374
1108	56	133480
1	1	133612
1	1	133653
6	2	134021
182	4	134061
2	1	134271
166	12	134316
1185	132	134773
1	1	135139
48422	2	135154
25879	2	135415
11	3	135629
7	2	136039
174	9	136639
39	2	136646
2414	48	136907
387	27	137074
53	3	137245
4	1	137260
4	1	137526
54	2	137816
12	1	138059
11	6	138320
5	1	139551
1	1	139759
4	2	140308
55	6	140316
12	1	141799
72	2	202940
8027	1	204256
1	1	208341
2	1	213347
6	1	262159
8	2	262498
1	1	262504
3	1	263611
4	1	263687
231	1	264159
1	1	265823
35	5	266967
9	1	267224
5	1	268321
78	5	268899
6	1	328140
81	1	328320
35	1	395592
2916	36	577
682	23	681
56	2	1213
14	2	1505
73209	6	2907
497	9	3269
72	3	3456
1616	1	3923
558	1	4010
26	23	4152
666	29	4768
412	23	4788
11	1	5009
101148	696	5432
134	2	5704
75	5	6181
128	1	6224
218	8	6429
53	11	6805
91	1	7098
593	1	7359
2	1	7524
419251	12	7862
28	13	8048
11	6	8560
188	9	9583
11248	5	9989
5	1	10036
45	2	10217
7	2	10396
3	1	10497
28462	7	10879
67	5	11014
22062	214	11426
2	1	12229
806	1	12390
130	1	12847
2	1	13778
4	1	14017
74	1	14178
38	2	14327
439	1	14677
206	11	15399
534	4	15830
8	1	16524
226	3	17054
25	2	17222
56	2	17301
32	6	17439
3	1	17510
1093	19	17625
10848	381	17816
3	1	18382
62	1	18563
945	14	20057
6	1	21021
29	1	21309
437	2	21369
3	1	21678
300	15	21783
2	1	21856
21067	3	24218
1	1	24232
15	2	24378
12	1	24677
3	1	24722
538	2	25512
17	1	26109
43	1	26375
47	1	26619
4	1	27695
21	5	27747
12	3	28080
26	2	29467
246	1	29644
6	1	29975
272	7	30722
9	1	31131
10	1	31869
9	2	31965
3	1	32520
16	2	32564
413	1	35549
186	7	36937
50	2	37061
45	1	37564
25	3	37693
125	68	38266
4224	604	38511
38	2	39010
6	1	39608
15	4	42925
3	1	43766
8	2	43959
214	6	45187
1	1	45232
13	8	45356
2187	312	45701
1	1	45925
4	1	45996
2	1	46256
1	1	46573
85	1	46616
4	1	47833
140	1	50734
10	1	52362
9	1	52675
26	1	54994
2416	11	55653
29	7	55699
2882	1	56307
12	1	56478
10855	18	58376
8574	3	58453
215	2	58906
22	1	60060
24	1	62642
99	1	63483
22	1	64053
855	34	131227
67334	1	131274
2	1	131710
54	1	132021
4	1	132143
44	1	132559
873	1	133108
105	3	133248
175	28	133645
408	1	133739
254	1	133881
1731	6	133929
32	1	134090
10	1	134315
35	1	134411
2	2	134426
635	34	134552
51	2	134768
4	1	134809
144	3	134878
3113	3	135047
117	3	135725
1	1	135744
33	1	135964
4	1	136617
2259	10	137267
27	1	137505
12	1	137633
3	2	138001
69	2	138024
5	1	138423
1	1	138655
1	1	138773
15	12	139786
2	1	139941
15	2	139942
1	1	140072
7	1	140424
112	4	140499
38	2	141054
5	2	141065
61	6	141345
1	1	141526
4	1	197709
50	1	199652
42	1	201394
156	1	203877
87	1	204642
2	1	205080
7	1	205366
13	1	262731
137	3	265605
13	1	266409
6	2	268494
3	2	270009
40	1	328189
9	1	328196
200	3	328453
91	1	393737
77	1	394573
11517	1	395533
10	5	386
4056	5	702
1	1	747
57	11	1267
4	2	1503
68	1	1931
6007	7	2686
54774	45	3356
5358771	7	3379
39	1	3855
476	8	4565
22	5	4800
17	2	5511
45	6	6057
3	1	6527
4570	26	7029
6	1	7311
218	9	7418
116	1	7695
528	1	7988
143	1	8147
808	15	8220
535	14	8708
27	1	8953
1718	18	9534
1	1	9678
457	12	10429
912	3	11232
49	3	11664
19	1	11888
606	3	11911
5	1	12238
3	1	12333
72	2	12576
3086	1	12666
2397	1	12843
36	1	13189
13	8	13213
51	1	13807
3	1	14446
779380	5	14762
108	5	15802
108	1	16391
53	1	16588
1	1	16762
6	2	17775
275	2	18108
1262	10	18119
13	2	18233
12550	4	18734
28	1	19009
6	1	19600
69	1	20294
38	1	20477
28	1	20880
103	3	21050
174	1	21093
194	1	21541
266	1	21571
768	11	21724
16	1	23243
57961	2	23349
9404	229	23688
50	10	23860
1005	32	23991
5	1	24347
20272	1	25181
1478	122	27901
93	4	28186
1	1	28554
15	1	28725
1210	3	28729
6	1	29259
101	3	29614
2	1	29649
146	1	29894
3	1	30848
14	1	32040
2	1	32667
2337	1	32805
3	1	32912
65	1	34536
15	1	34704
57	2	35432
283	7	37965
9233	10	38022
2975	26	38529
16366	1	38626
166	5	38875
2	1	42845
29722	1	43417
12	1	43909
7	4	44244
328381	1	45442
42074	11	45458
621	26	45820
140	2	45903
22	1	45950
7	3	46475
1	1	52075
1340	22	52468
566189	394	53813
3400	31	55256
18	1	55333
429	23	55406
596	105	55427
16	3	55685
184	20	55693
8	1	55900
13	1	56300
182	23	58495
104	7	58504
31	2	58519
4037	33	59164
29	19	59332
39	4	59365
2	1	63996
51	1	131906
282	3	132130
391	11	132167
371	15	132215
9	1	132279
132	4	132641
80	3	133311
50	2	133400
30	15	133982
391	3	134036
22	1	134270
54	4	134375
13517	2	134692
4	3	134764
8	1	135234
248	1	135288
18	1	135446
2	1	135761
100	13	135778
4	1	136078
16	4	136198
11	1	136426
304	15	137034
2	1	137519
2	1	137540
29	8	138313
1	1	138745
268	4	139054
1431	1	139306
78	3	139310
5	1	139601
5	1	140607
21	5	141315
17	1	141322
1	1	141513
149	1	141858
3	1	198184
1	1	198203
4	1	201154
627	2	205409
42	2	262145
18	1	263626
4	2	264628
1	1	267409
1	1	268038
252	32	269138
6	1	269820
3	1	393278
2	1	393848
1	1	396949
288	6	398704
11	4	391
12	5	494
967046	152	1226
99	8	2119
26040	4	2510
1	1	4007
4823	16	4648
592943	52	4713
78	1	4739
127	9	5607
448	22	5972
198	10	6739
5760	2	7116
350	1	7194
47	13	7497
138773	11	9381
2052	71	9441
41	1	9842
328683	378	9929
3598	31	10024
3	1	10084
4108	11	10103
79	3	10212
50450	2	11309
1	1	11829
949	15	12083
5	1	12089
1497	15	12271
81	3	12301
35791	1	13205
5293	1	13570
60	2	14109
96	7	14398
144	1	14827
644	1	14955
122060	1	15215
4941	99	16509
219	1	16863
172	2	16904
142	1	17210
197	5	17483
1754	78	18159
74	1	18187
64	3	18206
121	1	19834
1	1	19994
302	1	20328
75	1	21127
2	1	23316
3225	75	23955
67	2	24192
2	1	24477
3	1	24529
264	12	24547
4	2	24940
398	1	25929
50	1	25972
53	2	26937
45	5	27759
3	2	28006
7355	3	29208
5	2	29854
161407	1	29970
5	1	30689
482	4	31655
181	26	33771
291	10	36351
12	1	36549
449	2	37154
682	41	38330
36	4	38783
2	2	39501
16	1	39648
2	1	40391
10	1	42473
4	1	42652
33	1	43460
7623	7	45110
9	3	45312
10009	101	45536
63	3	45905
658	4	46163
15	1	46449
1921	8	46887
346	1	47444
32	1	50923
231	6	51343
1395744	4	54478
3426	233	55853
180	1	55884
12	1	56373
1	1	57976
1259	7	58423
2	1	58465
3	2	58653
2	1	58693
281	5	58717
63	8	58895
3	1	59151
80	3	60142
68	3	61135
2	1	61138
2	1	61317
12	1	63580
70	1	63959
8	1	64043
270	31	131111
1	1	131160
578	13	132007
331	1	132405
467	4	133159
639	2	133388
50	2	133414
4982	116	133676
38	1	133706
5	1	133762
1	1	134180
2509	21	134220
3830	12	134244
7	4	134331
194	11	134429
47464	16	134762
6189	45	134772
121	8	134967
2	1	135187
3270	11	135352
141	6	135356
2	1	135780
28	1	136141
34	1	136239
20	3	136359
5	2	137854
222	17	137889
6	2	138083
7	2	138123
28	1	138321
3	1	138336
1	1	138636
70	1	138871
28	1	139275
18	4	139989
2	1	140030
4	1	140904
1	1	142045
260	2	196778
7	1	199706
3	2	202422
23	11	204834
33	1	206258
14	1	206262
1	1	206283
545	40	262186
6	1	262899
73	4	263151
92	1	264486
4	1	264605
17	6	266761
3	1	266853
45	1	267752
21	9	270340
10	3	271842
18	1	393508
45	1	395461
68	2	396018
8	3	396356
5670	1	81
25	1	1217
3	1	1421
322	5	1680
280	2	1747
99221	124	1759
19	1	2280
701076	26	2497
28385	1	2539
7561	45	2856
16	2	2860
12	3	4657
16	1	4694
45380	3	4725
1	1	4758
1650	13	4775
55	1	5056
61	3	5483
218	1	5602
90	2	6300
522	48	6400
70	1	7011
294	2	7049
25	3	7155
4090	29	7545
15	3	7642
79	5	7679
325	78	8003
4	2	8612
186	1	9105
181	13	9389
12772	69	9433
131	2	9614
1	1	9684
34	1	9723
2	1	9814
399	70	9829
9	1	10010
3094497	2	11520
62	2	12337
1	1	13996
203	15	14117
125	1	17293
113	1	17377
8	2	17400
25	8	17469
60370	22	17477
225297	1367	17506
5	1	17645
213	1	17802
618	1	17841
1045	37	18046
221	3	18723
1781	1	18862
1918	1	19216
1	1	19311
11	2	19443
4509	1	19855
152	3	21789
7	1	23332
8	2	23888
30	2	23901
786	2	24539
2	1	25428
15	2	25441
20	2	25762
2	1	27030
2672	13	27843
190	10	27951
41	1	28284
1	1	28635
1	1	28885
12	1	29256
119	1	31126
32	1	31472
22041	1	32099
11	1	33470
2559	2	34235
3	1	34876
96	2	36590
2	1	36924
328	1	37204
221	3	37358
190	3	37457
6293	1	38319
5	1	38896
9	1	40051
65	1	40948
5	1	41041
89	10	41564
172	1	42575
16	1	43205
18	2	43529
2	1	45150
12	1	45176
33931	117	45177
2270	110	45326
1592	1	45491
741	3	45558
64	9	45582
244	1	46231
8	4	46562
3	2	53667
164	1	53987
7	2	54593
782	50	55341
575	7	55555
1995	1	55570
4	1	55714
6	1	56134
165	1	56174
4	1	56197
13	1	56274
3	1	56401
33	4	57563
791	3	58092
52	3	58404
8028	6	58511
4	1	58576
5	1	58580
1	1	58971
398	85	59340
9	1	60339
15	1	60415
125	1	63855
90	4	64012
58	5	131198
2	1	131596
9	2	131921
1337	4	132023
1262	34	132778
3	1	132964
393	3	133720
94	1	134264
371	2	134861
22	2	134877
314	4	135555
23	1	136224
30	2	136287
24	1	136492
384	5	136716
5	2	136722
19	1	136814
75	2	136993
29	2	137888
6	1	138172
2	1	138443
33	1	138546
3	2	138621
1	1	138873
14	1	139340
6	1	139904
1	1	141312
7	1	141383
93	8	141474
72	16	206119
1	1	209046
57	10	263230
21	4	263703
214	17	264637
6	1	270868
7	1	271880
76	2	393415
5	1	393666
3	2	395266
117	1	202
77	3	1294
46	2	1828
2	1	3214
18	1	3300
16531	2	3423
41	1	4043
122243	94	4755
30	2	4922
799	12	6079
887	1	7068
193	4	7106
130	2	7381
99	9	7470
2	1	8309
70	4	8368
628	2	8903
53	3	9031
4	2	9230
28	3	9238
43	15	9329
3	1	9712
21	2	10384
295	2	11367
90	1	11650
22	1	11733
83	2	11892
1	1	12217
294	2	12566
71	2	12849
57	1	13014
267	1	14799
3	1	15533
12	1	16169
1915	4	16713
18	3	17073
248	9	17665
17	7	17813
18	2	17968
121	1	17971
34	19	18001
4	1	18239
36	5	18434
68	1	19076
5	2	19254
4	2	20928
268	4	23853
18087	13	23969
333	7	24068
2	1	24086
101782	4	24318
4889	444	24499
661	2	24863
228	2	25771
372	2	26793
161	1	27216
1	1	27343
18	1	27357
4	1	28343
111	3	28536
39	1	28680
291705	13	30844
255	1	31122
1376	1	32067
42	1	32212
823	2	33218
24812	241	33588
10	1	34216
70	1	34660
13	2	36502
593	1	36534
89	7	36992
6	1	37002
6779	4	37282
47	2	38201
97	9	38235
416	2	38370
43	2	44671
17	4	45113
7464	82	45117
30	7	45769
11707	1252	45804
19	1	49740
3	1	49865
6	1	50995
54	1	51178
6	2	51561
1	1	53418
3	1	54665
20	1	55392
29	4	55430
515	2	56017
80	16	56047
5480	6	56294
6	4	58461
15	2	58477
197	17	58482
93	3	58485
69	2	58505
103	3	58590
188	5	58594
1	1	58819
4	2	58821
35	18	59257
60	1	59518
15	1	60294
1	1	60814
2	1	61460
79	3	63493
2	1	63997
4	2	131706
1	1	131745
994	34	132268
1	1	132445
2	2	132752
1	1	132931
7	1	132941
1	1	132962
5828	27	133043
8	2	133082
177	4	133096
23	1	134041
329	52	134116
625	14	134437
1	1	134659
1681	1	134763
2	1	135683
1	1	135795
14	3	136103
62	2	136255
3	1	136651
45	4	137443
40	2	137591
78	3	137922
16	2	137925
23	4	138109
1	1	138150
8	1	138394
9	2	138882
129	2	138997
3	1	139351
21	9	139992
2	1	140151
37	5	140995
39	5	141105
88	13	141326
1	1	141634
40	1	202819
19	1	203735
46	1	206170
6	1	262490
5	1	262777
380	5	262906
218	2	266830
1	1	266989
10	1	267749
1	1	269227
34	3	269346
22	1	270703
12	1	327950
4	1	394196
276	1	396292
9415	3	125
76	21	385
2284	5	855
4	1	1563
12	1	1853
24	1	2381
2020	6	2386
405	6	2688
42	1	2695
13	2	3243
1	1	4237
16	5	4249
73	10	4773
14	1	5552
500	11	5769
94	1	7224
9	3	7565
243	1	7792
305	9	8473
35	1	8640
427	1	12009
1198	12	12252
10	1	14182
237	1	14291
233854	11	14618
161	1	14898
266	1	15121
2	1	15582
1	1	15704
87	1	16032
223	1	16574
2863	9	16629
163	2	16685
1456	3	17145
37	2	17421
183	6	17436
378	9	17639
4	1	17727
161	2	17887
51	3	17970
35	7	17976
2	1	18267
4	1	20248
5	2	21513
3	1	21782
1207	27	21928
135	2	22438
5161792	2	22703
52	2	22764
32	13	22927
40	2	24164
383	42	24309
26	1	25668
92	1	25923
32	1	25932
92	1	26123
1487	21	28534
2	1	28624
286	1	30030
555	2	30164
861	1	30174
2	2	30437
3	1	30491
1631	3	32413
4	3	32780
1809	2	32851
4	1	33070
40	1	34261
30	1	34820
33	1	35033
82	5	35819
1	1	37182
45	2	37184
315	13	37611
2	1	38030
43	11	38500
31	3	38750
66	1	38900
70	7	43824
2	1	44022
5	3	44944
191	4	45194
268	11	45316
21	12	45727
63	21	47331
121	2	50673
64	1	53149
348	1	54614
281	17	55330
13	2	55423
164	17	55501
46	12	55799
239406	1164	55850
13855	275	55862
8576	687	58369
539	10	58411
248	18	58558
9	2	58940
81	2	59499
2	1	59724
8	1	62857
981	1	63199
22	1	63267
3	1	63371
45	4	64050
861	18	64073
71	12	131090
46927	387	131207
12	2	131265
548	16	131303
7084	32	132347
29	10	132447
17	1	132882
48	7	133187
20	2	133255
39	3	133331
1682	19	133451
601	10	133481
9	3	133605
81	3	133854
104	2	133894
19	5	134382
12	2	134869
377	27	134880
4	3	135420
127	14	135478
1	1	135706
365	4	136177
52	5	136723
9	4	137815
5636	31	138189
3	1	138733
17	6	138754
11	2	138874
43	5	139276
20	1	139352
12	1	139504
71	1	139906
84	1	141155
4	1	141376
47	11	141893
32	1	196978
21	12	204166
91	6	205254
155	1	205718
71	2	209540
1	1	262342
30	1	263073
1	1	263503
3	2	266705
6	1	327750
18	1	328380
29	2	328659
12	1	328676
54	7	396253
