#Field:count	sourceIPCount	endUserASN
14	1	24
1	1	159
108	1	202
1	1	306
10	1	523
5	1	1215
152	1	1818
41	5	3132
7	2	3456
186	24	4538
38	1	4609
520333	32	4713
1002	70	5972
1800	16	6079
59	2	6256
5	1	6404
26	15	6568
201	11	6739
56	12	8048
1	1	8517
16	1	8717
13	1	8758
80	31	9009
9	1	9051
97	2	9198
4493	145	9299
109	2	9484
41	8	9583
2	1	9937
15	1	10084
48	3	11014
3	1	12338
1898	1	12422
21	1	12714
6	1	12797
827	4	12942
3	1	13954
91	7	14080
12	1	14755
108	1	16082
1	1	16389
705	3	16504
9	1	16524
57	1	16525
86	1	17049
8	2	17429
1	1	17510
57	10	17665
7	2	17968
1095	10	18153
79	4	18434
2	1	19037
53	1	19076
84	1	19151
32429	1	20141
10429	76	22394
66	2	23088
16806	922	23679
2	1	23820
1	1	24084
57	23	24203
5	1	25417
38631	4	26072
15	1	26919
72	2	26937
1081	34	27947
31	3	28226
66	1	28680
10	1	29487
1913	20	30036
356	1	30356
23	1	30466
1084	17	30844
3	1	31727
47	3	32564
40	1	33556
7188	2	33662
9	1	37002
2	1	37123
76	4	38195
1	1	38673
697	18	38778
9	1	39369
12	1	42925
45	3	45079
2	1	45113
169	7	45528
4	1	45622
28	21	45669
27	6	45769
2	1	49100
29	1	51336
52	1	54755
10651	15	55653
68	1	55780
3291	123	56040
29	1	56478
186	2	58681
202	5	58717
53	23	59257
23	1	60876
3	2	131706
418	45	131749
356473	93	132203
213	4	132585
6	2	133070
2	1	133728
19	2	133811
1	1	133865
1493	7	134542
333	7	134760
96	5	134775
1	1	134928
40	4	135076
1	1	135776
266	1	136797
2	1	136886
153	9	136946
665	18	137363
3	3	137453
46	5	137883
1	1	138001
47	3	138079
6	2	138083
12	2	138123
117	3	138456
1	1	138474
233	18	138557
45	3	138694
2	1	138774
25	1	138882
487	2	139239
41	1	139296
1	1	139994
47	13	140122
359	1	140144
28	1	199675
23	1	199942
1	1	200284
13	1	201874
10	1	203689
19	5	262490
13	4	262493
310	6	262906
30	1	264363
45	1	264486
1	1	265632
25	3	265739
2	1	270587
9	1	327984
9	1	328003
16	1	328594
102	1	393846
6	1	394452
310	1	396292
462	1	397412
277	4	3
9	2	665
93	1	1423
46	1	1701
438	84	6400
3	1	6784
199	3	7049
515	53	7552
4165	895	7713
404	66	8003
218	1	8147
5416	218	8151
148	1	9021
14	4	9340
7565	8	9822
42	2	9824
5	1	11648
45	5	11664
992	1	11971
144	3	13110
367	1	13943
1	1	14209
9	1	14454
223729	8	14618
4	1	15048
21	1	15582
32	3	15704
359	79	17451
21	3	17501
71361	1012	17621
83156	378	17705
6	1	17750
39	1	18126
13	1	18271
949	24	18403
11512	2	18539
26	2	19443
146	1	21541
95	1	22899
674	6	23089
4483	2	23916
155	20	24186
4	2	24337
12	1	25716
18	1	25932
28915	3	26579
21	1	27725
21	2	28196
117	3	28586
848	3	28729
60	1	29684
8	2	29826
279	1	29990
18	1	30999
106	2	31939
266	1	32444
2730	1	32805
2	1	35047
432	8	35819
533	3	36012
75	1	36813
33	2	37076
46	1	37233
5	2	38031
310	24	38203
80	16	38264
1226	64	38712
19	3	38750
465	30	38758
236	9	38875
22	2	39577
152	3	42961
2	1	43350
14	2	43529
9	5	44944
85866	328	45102
1	1	45184
640	1	45518
7073	1	45737
11	3	46864
2355	2	49229
41	1	49800
82	1	50300
5	1	51207
191	5	52228
26	2	52330
16	6	52361
7	2	53066
2087	38	55352
699	55	55701
165	5	55714
11651	169	55862
80	2	58322
623	38	58495
279	1	58543
1	1	58714
11	2	58826
146	3	58907
18	1	58940
583	6	58952
1	1	61675
4	1	63860
66	5	64012
895	15	64073
21	4	131444
5160	55	131583
17	2	131740
1208	5	132245
7799	289	133647
5	1	133696
1	1	133718
4	3	133800
41775	391	134033
113	1	134202
27	3	134375
51	2	135307
407	3	135555
1	1	135861
64	13	136030
13	2	136074
6	1	136215
1	1	136482
3	1	136552
106	14	136674
11176	99	136795
53	2	136993
30	2	137023
2	1	137654
190	3	139054
1	1	139389
1	1	139943
3	3	140316
27	3	140481
8	5	197207
1	1	198217
32	8	202699
32	1	203217
2	1	206635
2	1	212647
6	1	262195
65	23	262420
13	2	263238
5	1	263687
32	2	264857
15	2	270062
40	1	270110
37	2	328200
61	1	394451
9	1	395876
170051	191	396982
107	2	397142
16	1	397578
15	1	398391
2	1	132
20506	135	209
471	4	786
152	1	797
67647	138	1843
10	1	2905
12	4	3292
3471	34	3352
9233	12	4049
17	3	4685
540	67	4761
2043	25	5089
11	2	5645
223	5	7106
76	4	7381
1	1	7598
121	3	7633
6	1	7754
10	3	8339
23	1	8399
265	2	8468
961	10	8551
74	5	8866
27	3	9370
4	2	9471
132	2	9650
12562	9	11172
17	2	11349
88707	524	11426
3826	40	11427
3	1	11829
103	2	11892
19	2	12066
13	2	12175
23	6	12849
6	1	13156
48	1	13682
12	1	14265
85806	1	14802
15	1	15221
658	9	15247
6	2	15450
9	1	16169
394	3	16326
4530	41	16591
147	1	16904
56	2	17386
21577	2	17473
71	1	18187
12185	123	18229
1	1	18239
225	1	18378
7	1	18840
715	11	19429
90	1	19653
2	2	21183
48	1	22260
17	2	24138
27757	117	24183
16131	4	25180
1322	2	25562
26	2	25620
439	1	25929
66	1	26831
1150	1	26838
3	1	28378
34	1	28657
3	1	29170
194	1	29644
91	2	31877
115911	11	33930
2	1	35141
13	1	35352
37	1	35971
229	13	36351
76	6	37061
32	2	37564
27	3	37645
1	1	38001
1	1	38011
1	1	38172
2	1	38793
36	1	38906
10	4	40676
24	1	42382
1	1	42652
12	1	43700
294526	269	45267
217	1	45269
25	1	45649
1728	1	45780
2	2	48847
31	1	49628
1	1	49865
7	3	51430
29919	13	51964
32	1	52362
50	2	55516
208	4	55649
39	1	58505
10	1	58693
42	1	59185
1	1	59274
1	1	59282
12	1	63580
769	36	131227
22	8	131267
2497	11	131476
2	1	132566
15658	2	132576
1	1	132965
269	7	133075
5	2	133354
1	1	133797
1	1	133799
3	1	133817
4279	1	133915
35	6	133988
1677	34	134552
209	8	134633
9	1	135090
1912	8	135391
2	1	136093
3	2	136272
217	10	136429
432	13	136557
54	2	136780
2	2	137163
1	1	137957
35	5	137959
13	1	138600
51	1	138716
28	1	138903
46	6	139378
125	4	140608
1219	22	140732
33	5	141225
1	1	141423
13	1	198397
2	1	210116
17	2	264360
59	3	265668
2	1	266410
178	4	266802
11	1	328250
149	4	328453
6	1	393226
70	1	393737
11	1	396356
142	1	397422
19	1	1217
2	1	1659
67895	122	1759
165	6	2688
15214	9	3737
824	9	4565
53	1	4721
24198	140	4847
409	3	4983
195	3	5056
114	1	6077
50	4	7155
305	13	7738
273	1	7792
22	1	8374
443	16	9260
11	1	9394
398	7	10099
175	1	10242
15	2	10299
6	1	11711
5	1	11743
21	1	12102
4073	5	12322
1	1	12337
57	1	12350
224	10	12874
21	1	12895
6	3	13213
6	1	13767
140	1	14898
10	1	15108
68	2	15502
345	5	15557
13	1	16700
2	1	16733
1666	1	16886
71	5	17436
180	1	17471
338	2	17542
22	1	17739
963	8	17754
56	8	18024
55	9	18209
73	1	18233
2	1	18365
68	7	18399
13	1	18816
1863	1	18862
113	1	18964
3	1	19137
1	1	19281
163	1	19622
2607	1	19855
5780	52	20001
1	1	20384
6	1	21412
5162110	2	22703
403	3	23068
29	9	23674
26	1	23735
176	9	24324
3	1	24395
844	2	24539
4102	23	27017
187	4	27264
72	1	27651
167	2	27729
11	3	27738
1143	116	27901
287	18	28555
1	1	29244
493	1	29828
650	1	30030
4	3	30437
11	1	31042
8	1	31875
17	4	32098
5	1	32625
3555	2	32851
6	1	32890
3400	2	33064
84	1	33353
5318	1	33680
310	1	34176
8	1	34244
72	2	36149
15	1	36492
19	2	36873
37	1	37100
132	8	37457
31	2	37461
3870	2	38319
59	1	38438
2211	14	38477
3	1	38553
6	1	40533
33	1	40729
2	1	40817
112	1	42575
5	2	44244
8968	10	45215
1	1	45235
515	39	45305
734	10	45316
2399	5	45641
3	1	45954
313	2	46186
2	1	46238
90	1	51935
8	1	55423
2648	1	55570
48	13	55577
3	1	55756
26	8	55799
1234	11	56030
8890	50	56272
8	1	58936
285	1	59717
1	1	62805
107	5	64063
34	3	64072
74429	13	131239
597	29	132199
19	6	132525
27	4	132652
7376	1	132723
269	1	132768
47	7	133331
5	2	133977
75	1	134013
9	3	134026
220	3	134061
169	36	135478
7	5	136119
33	1	136224
146	7	136480
15	1	136493
1955	30	136494
331	1	136550
1	1	136873
71431	8	137697
1	1	137992
345	10	138014
533	22	138315
16	2	138443
1	1	138837
279	70	139043
20	1	139904
5	2	139958
13	3	139986
3	1	140040
1	1	141215
11	1	198425
3	1	199081
81	3	201205
80	15	204166
1	1	208341
102	12	212337
72	1	262199
11	2	262259
1	1	262838
6	2	262985
1	1	263040
8	1	265535
1	1	265760
4	1	267769
3	2	268942
53	4	269738
42	1	327750
273	6	328244
1	1	328319
22	1	328659
12	1	393924
393777	2	395198
104	1	395694
14	3	452
3	1	1103
22	2	1467
7	3	2631
43	2	3067
2754	31	3209
549	14	3269
44114	26	3741
5	4	3842
368	2	4010
3645	14	4230
300	1	4540
600	1	6646
3208	4	7358
7	1	8244
9449	174	9245
29	21	9329
2886	61	9341
38166	100	9498
4922	10	9503
6	1	10021
1	1	10137
134	1	11650
2	1	11727
6736	3	11985
883	15	12083
2323	20	12271
31	1	13036
3	1	13208
118	3	14010
16	1	14201
170	1	15089
557	2	16050
871	1	16623
172	6	16735
21	1	17033
1347	41	17625
312	10	17666
52	7	17670
1	1	17996
600	1	18530
19	1	18880
55	2	19165
120	2	19180
141	1	19809
119	1	19834
17	6	20845
4	2	20868
70	13	21433
23	1	21826
147	6	22047
4	1	22787
65	1	23138
2	1	23682
1	1	23764
74401	47	23838
17	2	23930
650	6	24068
1839	1	24291
884	1	24327
1	1	24477
55	7	24492
91	11	24523
5	1	25424
7	1	25836
2334	1	26950
25	3	27839
1382	1	30383
1	1	30986
517	5	31655
2	1	31865
62	3	32242
3	1	32875
27675	238	33588
3	1	33885
28	1	33953
591	3	36997
72	2	37133
3665	3	37282
16	2	37693
228	9	38235
198	5	38524
1	1	38525
251	13	38566
25	1	39648
3	1	40391
304	5	40526
4	2	43766
6064	137	45230
1	1	45785
1	1	45806
11652	11	46313
45	1	46449
11	1	47493
1	1	49740
24	1	50551
14	1	50995
12	1	52263
6	2	52308
3788	332	52958
100	1	53903
3	1	53913
6	1	55461
1869	4	55785
34	1	55956
7	1	56054
11	1	56110
1	1	56264
4739	10	56294
64	5	57743
1	1	58563
111	13	58895
49	10	58926
36246	876	58969
6	2	62336
65	3	63493
69	10	63932
178	10	63963
3	2	131745
165	2	132355
7710	36	132449
2	1	133380
31014	432	133384
16119	13	133399
321	5	133887
1244	5	133928
5	1	133997
1	1	134236
1802	14	134294
1	1	134572
30	3	134714
20	1	134756
310	37	135201
18	3	135232
93	5	135356
718	18	135464
4	2	135477
36	1	135760
7	2	135887
25	1	136239
74	4	136255
2	1	136286
177	13	136292
618	17	136384
339	6	136425
6	1	137172
115	1	137448
94	11	137554
4708	85	138245
18	1	138394
1	1	138522
629	14	138701
122	6	139667
21	3	140096
8	1	140226
64	6	140995
49	1	141293
4	1	196735
8	1	202652
231	2	202713
33	1	202997
49	37	204834
28	1	263140
12	3	263151
3	1	264929
15	1	265096
3	1	266761
7	1	267853
6	3	270433
3	1	395046
784	3	395301
54	1	397832
2149	8	855
24	1	2280
5	1	2526
26925	1	2539
45021	10	2687
9	2	3329
56062	46	3356
336	1	3412
318	2	4015
11969	161	4771
79	4	5413
8	1	6042
3	2	6157
35	2	7565
5	1	8228
316	1	8492
5957	16	9318
150524	203	9431
13405	55	9433
19	2	9723
70	4	10010
399	12	10429
289	2	10794
176	2	11478
6	1	11489
2080	24	11492
2	1	12333
9	1	12793
6079	5	13692
39057	1	14306
8	2	14638
544	3	15036
6	1	16245
287	1	17310
221618	1217	17506
834	13	17639
38	8	17976
66	4	18101
92677	1	19452
50	1	20116
192	1	20477
551	6	20650
265	1	22897
169	3	23487
15	1	23550
2	1	23807
1	1	24111
3387	125	24342
266	9	25951
173	2	27364
20	2	28368
2	1	28403
3	1	30202
20	2	30764
872	10	33383
14	1	33470
2550	2	34235
8	1	35110
29	3	37680
2	1	38478
75	9	38500
351	2	38809
42	3	38896
76	1	43797
78	6	43824
133	3	44395
4	3	45287
50	3	45433
10	2	45588
8	1	46746
28	6	47172
1315	15	47377
15	1	49117
28	1	51590
23	2	53062
12	1	53158
8	1	54290
9	1	54363
8	1	54593
183	1	54614
9	1	55309
54	1	55485
47435	200	55561
454	16	56044
577	9	58411
47	4	58682
2156	37	59165
556	1	60257
16	5	61461
153	1	63052
164	33	63859
4	2	131265
74	6	131287
6	1	131693
132	7	131697
32	3	132148
2	2	132152
20	1	133276
201	3	133636
3	2	133653
89	1	134264
33	2	134326
157798	1	135313
17	4	135872
6	2	136198
414	2	136271
1	1	136300
5	2	136664
30	4	137034
6	3	137862
990	1	138035
103	24	138149
20	3	138254
99	4	138296
1	1	138578
46	6	139223
1	1	139302
1	1	139326
9	1	139504
85	6	139854
6	1	141155
9	3	141680
200	8	197897
1475	2	199335
657	3	206841
2	1	209181
60	2	262685
4	1	262847
9	1	263790
5	2	263793
3	1	264628
219	19	264637
83	2	264861
2	1	265269
8	1	266809
23	10	268308
59	3	268899
1	1	269190
3	1	137
1840207	294	297
18798	4	2510
107	2	2914
2493	23	3257
678	7	4637
1370	18	4648
291	6	5713
409	6	7474
3	1	8334
66	1	8445
39	1	9166
3540	221	9326
15	1	9893
326	13	9902
488	14	9930
3526	11	10103
49	3	11245
25	15	12392
10	1	12552
331	3	13119
2	1	13782
20	2	14327
648	2	14537
528	1	14677
9	1	15290
262	2	16168
104	1	17210
104	2	17350
331	9	17483
11380	363	17623
866	20	17638
14	6	17813
59	1	18495
82	1	18872
2	1	20077
50	1	20255
86	2	22709
276	119	23693
4	1	23893
7	2	24088
397	1	24118
41	1	24218
461	32	24389
943	14	24835
132	12	27747
2	1	28191
58	3	28536
37	2	29208
2	1	29492
453	1	29571
382	1	32408
119	14	33771
15	1	34949
135	1	36524
85	6	36903
4443	1	37005
125	1	37154
12	1	37649
278	13	38019
5	1	38744
8	1	41782
17	1	42774
736	9	44444
6	1	45061
521	20	45090
3	1	45232
34	3	45905
308	3	46690
2944	6	46887
1	1	47524
2	1	49981
22	1	50158
218	1	51200
23	1	51313
1	1	52371
8	1	52687
362	1	55083
65	1	55507
294	1	55996
134	8	58593
140	5	58594
78	1	59050
50	11	60068
62	2	61135
61	1	63222
42	2	63617
489	21	63888
598	55	131111
1149	39	132268
1	1	132562
173	15	132779
6582	29	133043
3	1	133260
68	1	133296
1	1	133301
227	3	133648
5	4	133798
218	1	134069
394	3	134238
3917	9	134244
31	4	134810
1713	21	134840
1	1	134886
18	1	134980
2	1	135628
2	1	135922
1	1	136371
32	14	136556
24	3	136654
2179	10	137267
99	7	137435
446	12	137580
4	1	137871
88	22	137889
35	2	138322
90	2	139822
45	11	139992
4	1	140384
30	1	140840
7	1	141473
7	1	200656
632548	1	202161
3	2	203020
1738	8	203724
30	2	203735
2	1	204757
32	2	210162
2	1	263181
45	1	263432
2	2	264702
154	2	265605
5	1	265615
3	1	270996
8	1	328146
2	1	328490
71	1	393748
100	1	395465
79	2	109
1192	7	1273
3	2	1464
3	1	1506
65	1	1931
3	2	2535
111	3	2711
105	4	2764
7611	45	2856
719	1	4352
2799	14	4770
2763	16	4775
178	13	4800
11	2	4868
1	1	5715
7	1	6407
48	2	6501
249	32	6939
68	1	7296
292	2	8053
5	1	8412
170	10	8473
7	1	8781
227	11	9304
30	12	9541
17	2	9823
14	1	9833
90	1	10219
41	5	10620
145	1	11635
956	1	12128
2	1	12158
5	1	13737
4	1	14182
1	1	14193
1	1	15897
19	1	15924
162	1	16032
297	13	17072
230	1	17423
172	2	18108
68	11	18207
136	3	18723
1941	1	21054
686	1	21691
376	1	21817
5	3	23750
51	5	23951
9	1	23953
19	2	24158
2068	60	24556
667	2	24558
16	1	26210
353644	2	26554
28	6	28509
498	10	29614
1	1	30848
51	2	31133
12	1	32040
6	2	32912
422	1	34774
69	2	35432
64	1	35953
11	1	35981
8	1	37141
143	5	37358
333	18	38192
129	1	38197
544	9	38901
24	1	40051
50	1	40108
280414	1	41167
261	14	41564
28	2	42864
175	3	45179
1	1	45317
928	28	45648
145	3	45903
5	2	49362
19	1	51038
45	1	54607
2	1	56134
134673	100	56186
30	1	56595
4861	24	58666
1441	2	59080
494	85	59340
3	1	60772
5	1	60781
487	9	131303
293	4	132130
34	1	132957
655	1	133218
24	4	133255
4	2	133385
1011	9	133556
15	2	133605
242	1	133606
2	1	133838
6	2	133980
11	3	134204
3010	17	134359
6	3	134540
728	10	134676
321	10	134702
995	20	134841
16	1	134875
1	1	135038
41944	2	135154
169	7	135206
621	2	135415
4	1	135700
1	1	135798
32	1	136237
346	3	136499
29	3	136646
1	1	136696
592	25	136719
1	1	136820
2	1	137263
2	1	137285
4	1	137677
1	1	137687
72	2	138022
9	5	138130
6993	27	138189
182	1	138499
49	1	138504
3	3	138612
270	3	138718
10618	111	138754
9	2	138874
52	5	139310
4	2	139442
66	1	139972
10	2	140061
1	1	140308
2	1	140843
19	5	141652
208	2	201991
3	1	205561
21	3	206092
20	4	262253
1	1	262287
27	1	264136
299	4	264835
6	3	266314
8	1	267224
1	1	267245
1	1	394027
409	2	397635
4	2	62
2869	42	577
158	4	1136
1086213	155	1226
18	1	1294
88	2	1348
40754	4	2514
505	15	2527
125	4	3303
53	2	3491
1	1	3605
101	2	4618
140	17	4787
1492	26	5384
63	6	6181
142	1	6296
107	2	6713
2170	2	7687
2	1	7786
26	10	8560
29	3	9031
4	1	9216
23535	67	9303
186601	10	9381
1	1	9597
13	2	9821
41706	277	9876
349606	362	9929
68	3	9931
281	2	10264
50	1	10695
4	1	11260
3	1	11320
8	1	11596
1603767	1	11685
18	1	12455
24	1	12826
49	1	12847
9	1	14064
150	1	14363
64	1	14566
11696	2	16074
265	1	16086
33	1	16637
5	1	16823
1	1	17216
41	1	17222
9738	292	17622
13408	21	17676
2	1	20928
24	1	22566
4	1	23316
47	1	24085
43	1	24511
3447	4	25387
302	2	25771
26	1	27357
117	2	27989
1	1	28087
4	1	28160
412	1	30372
1	1	30821
369	2	31122
997	1	32067
2	1	32257
324	1	32307
62	1	32886
45	1	33132
600	35	34984
446	1	35549
20	1	36105
9	1	36291
4	2	36352
492	5	36994
23	4	37284
37111	658	37963
2716	118	38320
24	2	38742
4	2	38765
2	1	38773
6	1	41596
180	4	42298
18	1	43343
5	1	43670
9	1	43905
7	1	43959
31	1	44671
23	4	45312
3818	30	45410
475	5	45650
110	1	45677
5011	300	45775
9	3	46573
66	1	46616
100	1	48634
2595	1	48728
25	1	50923
23	1	52260
294044	4	54478
13	2	55391
3700	226	55853
1	1	56002
2	1	56031
50	11	56047
1575	11	58423
1	1	58444
6608	3	58453
2	1	58477
457	27	58482
930	37	58689
26	9	58821
1	1	59009
2	2	59278
1585	11	59346
305	1	62753
147	1	63959
50	4	63969
1	1	63997
67521	1	131274
87	2	132027
1	1	132045
45	2	132559
932	1	132720
6505	68	132857
1296	107	132960
844	1	133108
187	22	133645
319	14	134319
2	1	134599
223	7	134967
21	1	135217
8	2	137085
13	1	137827
75	10	138089
2	1	138100
13	2	138346
134	13	138529
605	19	138544
45	2	138871
2	1	138886
27745	1	139050
14	1	139071
12	1	139080
1	1	139202
23	8	139870
54	3	139942
28	1	200748
4	1	202425
55	1	203877
10	1	206561
46	1	206798
136	1	209799
3	1	262286
1997	1	262570
1	1	263817
236	2	264310
7	1	264386
3	1	264573
7	1	265855
4	1	266137
6	1	266480
19	1	268149
13	2	328471
152	1	328708
107	2	396018
6389	1	81
1818153	139	122
166620	457	270
2	1	399
24	1	559
497	4	721
332	7	1680
269	2	2665
2	1	2860
1	1	3382
16615	1	3389
70648	30	4515
258	4	4657
12	5	4785
22200	37	4809
249056	11182	4837
16	3	5378
209	3	5466
145	1	5580
1	1	6233
58	1	6300
8	1	7011
128	1	7311
10	2	8767
11	1	9283
18	4	9812
319	5	11845
661	9	12252
79	9	12576
2296	1	12843
95	40	14061
3042	14	14299
1	1	14446
1231751	5	14762
2160213	2	15147
270	1	15225
3	1	15491
65	5	15962
2	1	16360
70	1	16391
4	1	16654
147	2	16685
2169	14	17062
11	2	17563
18	1	17894
262	12	17903
4354	1	18113
163	1	18719
399	1	19161
1	1	19738
1180	1	20018
1	1	20021
11	1	20248
86	3	20294
58	5	20880
11	2	22332
145	47	23700
7	5	23888
162	1	24233
5	1	24347
216	54	24560
19	4	25369
3	1	25428
2	1	25611
2	1	25956
61	3	26599
26	1	27046
11	1	27953
86	5	28530
21	1	28538
224	2	30027
2	1	30175
136	1	34697
69	1	34946
15	1	35805
38	1	37203
5	1	37705
1	1	38200
1	1	38496
180	20	38614
61	1	39651
19	1	41872
20	6	42831
33	1	43256
8	1	43885
438	1	45062
1	1	45146
1259	1	45491
43	4	45763
1324092	2	46564
4	1	47719
40	1	48359
101	5	48638
1	1	48898
162	3	49392
7	7	53006
663	59	55341
79065	153	55947
2	1	56158
3	2	56167
201	1	56174
9	2	56242
1	1	56260
29	3	58404
3	1	58890
4006	179	59162
38	1	59317
71	24	59332
5	1	59836
175725	77	62044
2	1	62575
605	1	62915
3	1	63023
711	1	63199
7	1	63263
77	1	63855
482	31	63873
4	1	64046
139	9	64050
97	7	131198
251	1	131262
3	1	131767
7	2	132599
158	4	132615
5422	75	133001
1244	3	133451
64	10	133633
53	1	133844
2	1	134945
11	3	135032
16	1	135234
1	1	135420
118	1	135607
1	1	136283
2	1	136302
9	1	137087
1	1	137519
187	3	137570
2	1	137816
80	12	138220
527	22	138823
3	1	138901
1	1	139530
1	1	139863
64	1	139906
15	4	140607
6	1	140612
3	2	141194
77	5	141315
10	1	197638
33	1	201211
133	3	201984
1	1	262504
1	1	265631
19	3	265646
27	5	265799
27	3	265828
35	6	268771
42	1	395354
2168	13	174
1	1	220
385	23	681
777	10	852
2	1	1489
36	2	3300
17692	2	3423
525	1	3853
2617	1	4046
171	1	4473
49	3	4739
713	7	4750
8	1	6621
293	1	7194
29	1	7403
360	9	7470
573	1	8190
110	6	8881
2	1	9366
3	1	9644
154	2	9809
113	2	9911
29	1	10362
20146	4	10753
29006	6	10879
22	1	10921
55029	2	11309
54	5	11342
36	3	12389
471	20	12430
1	1	12876
8	1	13167
36476	1	13205
56	1	13717
5	1	15053
4812	117	16509
79	1	17211
7301	29	17559
2	2	17917
10	1	18491
212	2	18933
60	1	19721
14	1	21339
95	4	21949
2	1	22562
728	40	22884
1008	4	23404
4	1	23885
4955	87	23955
23023	15	23969
334	2	24331
2	1	24378
12	3	24435
93	1	24771
1	1	26104
13	2	26592
18	2	27759
27	1	27773
4	2	28126
72	3	28165
43	1	29016
20	1	29217
1	1	30337
1873	9	31898
7	2	32489
1	1	33166
5	1	35728
339	8	36937
28	3	37094
160	1	37150
274	1	37719
92	63	38266
1714	3	38294
6	1	38346
1	1	38363
13	1	38625
42	1	39961
1	1	40311
2	1	40317
2	1	42227
193	4	42943
8	1	43207
13	1	43372
9	1	44814
3	1	45224
18	2	45289
295	25	45475
8700	84	45536
453	244	45609
41	6	45773
5	2	45925
10	2	45996
2	2	48146
65	2	51375
6	4	51407
13	1	54036
175	2	54994
597	6	55715
5079	1	55743
2	1	57112
2	1	58561
6	1	58597
159902	1	59109
31	1	62642
5	4	62904
2	1	63961
96	3	131210
9646	396	132116
564	2	132382
182	1	132405
1477	4	132529
10	1	132567
13	3	132757
7916	8	132787
43	1	132829
2	1	132984
1	1	133007
82	1	133055
59	2	133414
6	4	133420
2	1	133505
34	2	133989
61	10	135228
13	1	135553
1	1	135632
85	1	135964
7	1	136027
657	9	136334
3	1	136395
324	7	136463
6	1	136524
249	1	137269
14	1	137505
31	5	137593
4	3	137699
4	2	137952
1113	1	138005
38	3	138024
306	1	139020
81	9	139382
10	1	139955
4	1	140220
12	3	140407
125	1	140424
1	1	140473
103	3	140545
114	2	198279
18	1	201321
55	1	205400
22	1	206262
3	1	263026
4	3	264913
51	2	267823
5	1	269182
4	1	270366
5	1	393616
318	4	203
6	2	206
117	8	385
20497	238	701
3909	1	2013
1815	8	2386
765080	26	2497
1240	35	3320
56	3	4795
4	1	6640
186	3	7046
188	3	7459
46	4	7642
2100	19	9534
6753507	8	9619
2	2	9684
190	61	9790
647	18	9988
33	1	10075
91	8	10481
43	5	10991
909	9	11404
1337	1	11734
5	1	12129
37533	1	12666
24	1	12975
26	2	13325
40	5	13335
2	2	14522
356	1	15121
38	13	16276
167	49	17557
63801	5	17673
1	1	17723
20	7	17747
65	4	17970
396	1	18045
336	13	18103
47676	65	18106
5799	27	18400
8	1	22381
270	8	22724
41566	5	23148
194	9	23944
320	2	24554
10	1	25031
11	1	25081
2973	282	25136
2	1	25780
79	1	26198
3	1	26615
2	1	27066
74	3	27653
2339	11	27843
2635	13	28556
1	1	28598
8	1	31037
23929	1	32099
119	1	34779
31	1	36180
3	1	36551
2	2	36935
21	2	37353
2	1	38573
1	1	38592
4	2	42090
88	1	43065
1	1	45417
396	10	45758
631	1	46849
202	4	52916
32714	7	53766
160147	1	54747
37	1	55039
10609	2	55567
626	44	55814
6	1	55933
145	2	58092
4	2	58385
2822	417	58659
432	6	58664
575	28	58768
5304	37	59164
707	6	59322
6	1	59989
31	1	60829
6	6	61911
7	1	63996
1	1	131179
1	1	131190
9	1	132279
1505	1	132526
1330	25	132686
1677	44	132778
241	10	132881
3306	68	132996
577	3	134036
138	13	134329
8	1	134372
9	2	134732
10	1	134845
180	1	134861
19	2	134880
1	1	134926
104	2	135371
168	1	136216
6440	15	136975
392	4	137412
2125	21	138168
98	1	139091
2	1	139335
7	1	139681
2	1	200910
289	21	206119
2	1	262248
16	1	262723
68	6	263209
6	1	265303
2	1	265347
1	1	265443
3	1	265540
89	4	265643
7	4	266705
1	1	267278
10	1	270868
420	4	327933
4	1	393415
6	3	395228
13206	2	1239
206	5	1257
38741	4	1299
21	1	1509
3364	1	2134
5038	40	3215
129	2	3488
785	5	4181
169366	88	4755
1642	21	4766
426669	324	4812
106008	730	5432
157	4	6453
16	5	6805
6	1	7160
2	1	7506
220	3	7575
427	3	8167
238	5	8400
244	4	9116
2	1	9226
1841	312	9657
15294	4	9989
12	2	10474
3590	5	10834
292	1	11686
494	1	12708
33	1	13009
153	1	13415
256	26	13999
4465	19	14259
641	2	15830
2	2	16194
261	24	17488
17	3	17494
1	1	17538
5	1	18708
40	1	19182
802	12	20057
287347	1800	20115
2	1	21326
14	6	21887
11412	120	22773
1015	6	24005
121	6	24207
149492	4	24318
69	13	24481
1	1	25540
304	1	26395
34	1	27831
5	1	27895
8	1	27994
45	5	28006
24	3	28080
118	1	28316
5	1	28329
302	28	28523
3	1	29030
3	1	29314
86	2	29695
62	1	29844
2	1	29854
1	1	30219
8	1	30613
111	1	31263
6	1	31435
1	1	31549
89914	111	33363
6	1	34781
11	1	35985
202	1	36715
11	1	36974
15	1	37665
9938	1	38140
1047	9	38305
40	4	38771
236	10	38783
6518	1	40341
15	4	45187
2	1	45415
546	1	45620
10	1	45767
7	1	47956
1756	1	50432
192	28	50710
60	2	52280
9	1	53271
27	2	55944
525	2	56017
202	31	56046
10	1	58461
376	6	58466
220	3	58906
57	1	59518
204	1	60718
2	1	61745
8	3	61844
160	6	63957
2	1	131160
151	1	131593
56	1	132264
2	1	132637
1046	25	133234
859	2	133388
4809	5	133393
121	3	133706
1246	67	133752
2	1	133942
6	3	134043
29	2	134090
110	3	134220
2930	11	134254
14	1	134315
1	1	134614
109	2	134768
404	4	135023
51	3	135047
12	5	135718
499	53	136065
3119	22	136200
1	1	137138
502	84	137584
1	1	137834
29	1	138321
1	1	138841
440	1	138973
27	2	139508
6	1	140030
2	1	140469
107	16	141326
48	2	141345
4	1	141576
64	3	141638
23	12	199312
9	1	199706
4	1	202053
8	3	202561
39	2	205473
8	2	207492
115	2	262191
1	1	264821
1	1	266816
26	2	268541
51	1	328189
2	1	393340
6	1	396173
4	1	397569
8732	3	125
1	1	668
3522	4	719
22	2	1853
116	2	2116
69751	2	3902
55	8	4773
68	1	5606
97446	1	6231
3359462	7	6253
26	1	6419
2198	15	6619
21	2	6661
3095	111	6848
45	1	6849
124	1	7224
198	1	7298
63	5	7418
59	5	7590
1108	1	7718
517	19	8708
610	4	10838
436	4	11272
5556	1	11540
153	1	12177
54	1	12310
30	1	12734
151	4	12741
155	2	14365
6140	23	14615
286302	1	15442
363	4	15695
313	7	15802
60	1	16588
1359	1	16641
3	1	16711
1354	2	17145
57	4	17547
2318	5	18566
11377	4	18734
1828485	2	18846
1760	1	19216
73	13	20676
1	1	20952
195	1	21147
458	12	21859
28151	2	23281
80620	2	23349
169	1	23374
890	3	23650
365	2	23678
57	3	23934
768	35	24400
423	46	24444
1241	40	25019
23	1	25408
11274	3	25753
282	1	26133
136	2	27856
301	15	27951
2	1	28146
58	1	28685
106	1	29245
9	1	29255
7	1	29736
5120	2	35104
539	1	36393
57	6	37105
120	4	37965
8020	9	38022
9	2	38306
3048	26	38529
13	1	39288
55	1	40065
5	1	41008
10	1	42841
4	1	43727
18	1	43939
4	1	44213
4	1	44558
98	3	45176
3926	39	45280
18	2	45589
2349	4	45787
11367	273	45916
21	1	45950
1656	45	46023
286	7	46375
100908	1	46528
55	21	47331
2970	1	48744
17	3	52995
322	1	53987
588	26	55501
3	1	57269
24	8	59167
15	1	59807
1	1	60880
1	1	61568
13	1	61587
6	1	62011
264	4	63920
231	8	64018
6	1	64307
632	2	131232
11	2	131735
1803	2	131893
1	1	132295
89	15	133275
273	2	133297
800	48	133480
53532	479	133579
15	1	133661
43	14	133982
166	12	134316
3	1	134692
11	2	134869
75	1	135332
21	14	135676
270	21	135712
104	15	135778
4	1	136118
90	5	136199
33	4	136287
345	13	136639
56	7	136723
12	1	136814
2298	55	136907
49	3	137117
3	1	137540
23	1	137572
98	1	137666
40	7	137815
1	1	138388
8	1	138412
105	1	138431
4	1	138472
5	2	138745
42	1	140172
66	14	140321
120	8	141474
33	2	141646
1	1	202384
2	1	206814
96	6	262210
8	1	262893
12	1	263276
1	1	264198
3	1	264229
57	1	264384
28	2	264434
184	20	264571
7	1	264800
28	11	266115
88	1	267869
2	1	268038
3	3	269838
25	1	328125
491	1	395394
6645	4	72
261	2	158
2	1	647
7285	1	1449
1	1	1479
27	4	2518
251916	1	2894
107	2	3602
256	1	4410
556	16	4768
21734	3	4816
7387	16	4826
66	1	6095
16800	155	6128
356	3	6389
173	6	6429
24	1	7116
1397	6	7468
16	1	8047
5	2	8426
175	4	8437
20	5	9230
1953	37	9422
419	1	9466
5	2	9557
51	14	9905
157	4	9927
3	1	10006
72	1	10200
102	8	10318
336967	6	10967
66	1	11138
4	1	11419
25	1	11589
40	6	12400
11655	1	13570
2	1	13788
4	1	13971
1637	4	14051
12	1	14288
327	1	14511
527	1	14948
109110	1	15215
156	1	15305
1	1	15366
160	10	15399
34	1	15435
4975	8	16347
32	1	17301
1946	292	17470
4002	113	17658
1233	17	17762
12991	404	17816
3	1	18017
4	2	18059
2120	80	18159
138	9	18196
1998	82	18199
16	1	18883
1	1	19994
81	1	21088
7	1	21710
2	1	21814
507	1	22608
383	3	22652
1185	44	23655
2202	3	23966
8	3	24109
27300	1624	24139
408	1	24863
66	1	26619
191	1	27216
48	2	27696
5	1	28458
5	2	28623
17	1	29091
8	1	30311
645	1	30610
51	1	30710
1	1	30985
207	2	33749
205547	1	34576
260	3	35913
93	1	36223
691	3	36534
34	4	36907
3	1	37130
10	1	37315
60	2	37385
13	3	38071
390042	2	38258
12391	41	38794
184	5	40339
6	1	42473
51	2	42772
4	4	45356
65	12	45498
154	5	45661
685	46	45725
16	1	50780
6	1	51223
184	27	52363
43	2	52373
2	1	52965
6	1	53418
3	1	54646
1162	108	55666
325	1	55884
1459	21	56068
1282	124	56233
19	1	56466
9	1	56628
2723	567	58224
35	3	58590
14	2	59151
123	1	59361
1399	36	59362
10	1	60060
4726	13	64095
18	7	131269
2	1	131337
1	1	132061
1	1	132351
1506	16	132770
439	1	133062
6	1	133082
8711	2	133090
195	4	133096
35	1	133107
13563	66	133524
1093	12	133726
594	1	133739
1151	1	134081
77	1	134411
2	1	134420
4	2	134426
4	1	134524
25	2	134594
305	1	135386
1	1	135697
1218	18	135817
60	1	136592
59	3	137221
5	1	137298
34	5	138109
342	8	139007
81	5	139464
10	1	139640
69	2	139832
405	10	140188
41	8	140317
16	1	140847
14	1	141015
110	4	141105
22	6	141386
99	1	197524
30	1	199270
180	1	199298
13	4	199524
7187	5	205272
21	1	206170
26	3	262875
54	4	263310
612	61	264668
6	1	267195
13	1	268491
53	2	269351
84	3	270049
37288	1	394612
320	1	398159
531	6	71
3	1	1477
446512	3	1678
558	2	1747
182997	29	2516
13144	3	2519
346	6	3249
49587	1461	4134
13949	14	4667
4	2	4694
50	1	7057
46	4	8447
73	3	9155
81	5	9443
4898	1	9536
727	54	9873
989	4	11232
101	2	12353
163	3	12361
454	97	12735
191	3	13649
233	10	14117
58	1	14434
49	1	14671
431	14	14754
144	1	15707
17	1	16696
244	2	17377
621	2	17426
8449	28	17492
2	1	17724
104	1	19605
73	1	21782
300	3	22561
523	12	23673
1	1	23772
57	17	23860
42655	35	23905
73	15	23923
8	4	24530
899	50	24532
572	1	25039
31	2	25605
12	1	25762
72	1	25923
3	1	26232
3	1	26334
12	1	27205
58	4	27884
35	22	27926
87	3	27932
1	1	28032
150	5	28186
7	1	28284
98	14	28573
6	2	28624
20	1	28668
3561	10	28878
1	1	29063
711	2	30164
745	2	30174
9	1	31472
203	1	32331
2	1	32528
16	2	36924
16531	3	37999
2	1	38193
35	2	38803
11	1	43782
12	1	44869
32051	124	45177
9	4	45325
386	16	45884
160	6	46269
17	5	46562
215	1	46687
101	2	47474
22	3	48832
729	3	49816
2	1	51074
111	2	53008
182	1	53508
13	1	53804
43247	1	55157
3049	30	55256
1532	6	55524
18333	1	55747
2	2	55872
33	2	57563
6	3	58524
1	1	58576
1512	12	58640
3	1	59156
19	2	59209
2	1	62475
1087275	9	62802
241	1	63267
3	1	63867
62159	409	131207
226	31	131743
69	5	132280
6649	36	132347
1	1	133443
2	1	133809
4	1	134134
18	13	134837
2	1	135405
474	12	136716
157	6	137340
521	26	137409
21	2	138127
159	2	138163
1	1	138172
1	1	138213
1	1	138730
28	3	138733
1011	1	139306
320	5	139758
47	8	140018
6	1	140025
4	1	140047
1256	4	140174
2	1	140457
1154	42	140726
1	1	141031
1	1	141084
2	2	198203
10	3	210329
2	1	263314
13	3	263703
847	1	264764
1	1	265566
747	2	327812
7	1	396000
2	1	396301
1541	1	706
16	3	1213
3	1	1642
154	1	2161
103	2	2586
78	1	3096
1	1	3265
224	9	3301
73	9	3573
15	1	4007
30	1	4043
21	1	4282
400	1	4454
201	3	4764
19	1	5396
25	1	5410
8459	74	5650
80	2	5704
128	2	6979
292	1	7098
4	1	7328
606	2	7359
147	8	7497
3	1	7693
364792	13	7862
781	65	8452
548	1	8530
559	3	8903
12	1	8983
49	5	9506
6	1	9674
12420	3363	9808
759	40	9832
130578	34	10022
12491	37	10024
44	9	10029
839	2	10032
349	13	10139
124	1	10204
1	1	10215
55	1	10837
7	2	11733
4	1	11915
96	1	11992
15	1	12025
35	2	12301
148	10	12479
5947	16	13150
1	1	13322
10	1	13443
24	2	14109
1067	7	14115
115	1	14188
51	1	14827
2	1	15659
1	1	16010
150	1	16211
37	2	16284
2	1	16746
278	2	16814
53	1	16863
108	1	16966
9	1	17073
18	2	17511
3	1	17819
227	2	17964
1086	19	18230
2	1	18353
178	23	18881
2991	9	19739
4536	1	19801
51	1	21127
563	2	21369
3	1	21491
15	1	21599
6	2	21856
196	1	22186
251	8	24122
310	3	24173
43	2	24482
332	8	24547
34	13	25820
8	1	26048
1358	5	27064
161	1	27149
32	4	27988
3	2	28331
45666	2	29970
50	1	30087
8	1	31869
16	1	32537
1	1	35788
10	1	35916
96	1	36317
5	1	37053
125	4	37148
663	2	38370
9	1	39402
1389	1	40154
4	3	41378
8	1	41795
34	1	42189
18	1	42926
8	4	45245
2938	358	45701
12	4	45786
11637	992	45804
586	1	47364
28	1	50463
237	5	51343
24	1	52555
15	2	53102
7	3	54574
4851	21	55410
309	6	56042
419440	7	56043
2184	82	56048
5	1	57002
2175	22	58736
60	2	58963
22	1	59816
1	1	60187
2651	2	62929
219	1	63483
1	1	63835
141	20	63949
3	3	64300
3	1	131226
482	17	131755
817	11	132007
64	1	132021
379	1	132240
6	3	132453
350	2	132923
4	2	133006
1289	30	133192
2459	29	133878
223	1	133881
7	1	133900
101	4	134116
511	1	134284
29	6	134301
45	2	134648
92	1	135373
48	2	136103
8	1	136651
8	1	137648
95	1	137996
2	1	138050
6	3	138482
15	4	138509
62	5	138801
117	12	139405
75	10	139643
21	8	139850
1	1	139941
16	1	202455
492	38	262186
17	2	264556
9	3	265877
5	3	269375
330	3	328214
28	2	394453
5	1	394990
45	1	395461
92	12	1267
295	3	2828
6	1	3243
305	7	4058
404	1	4583
322834	4	4725
203	1	5602
507	9	5617
7	1	6535
33	6	6871
4623	50	7029
5047	27	7545
184	1	7599
22	1	8015
28	7	8100
619	6	8764
28	7	9387
689	92	9829
21492	5	10143
4171	40	10796
2185	26	11351
2	1	12257
204	1	13512
10412	67	15169
2	1	16019
228	1	16574
3	1	17107
19	1	17147
190	1	17293
24	3	17400
114	11	17469
340	20	17552
1	1	17624
1	1	17759
9	1	17807
132	16	17885
2	1	18053
205	1	21093
511	1	21571
29	2	21574
1123	13	21724
1154	30	21928
30	3	23201
6	1	23901
241	3	24154
493	2	24182
19	1	25668
94	1	26123
299	1	26271
201	2	27775
720	24	28548
24	1	28581
19	5	29119
200	1	29894
543	1	33548
207	3	33964
3	1	34762
513	3	34912
2	1	36236
85	2	36590
3	1	37182
124	2	37184
281	12	37611
68	3	37919
36020	2	38473
52	6	38562
357	1	38582
11	1	38722
30	1	39545
32	1	41190
7	3	42313
5	1	42845
47	2	44407
4	1	45158
2861	1	45164
67	32	45271
183	3	45558
21	17	45727
2	1	50010
1673	2	51100
566317	305	53813
2	1	54936
1	1	55764
274605	1010	55850
80169	1	55901
2209	126	55990
2	1	58580
211	4	58800
7	2	59150
25	4	131178
1233	6	132023
38	7	133481
42	1	133506
226	4	133610
72	3	133854
102	2	133894
25	6	133945
2	1	134146
6	1	134167
191	1	134178
194	2	134382
4	1	134520
115	16	134543
40143	131	134773
71825	56	135069
10	3	135139
20	14	135455
2	1	136366
9	1	136492
189	18	136698
675	61	136823
2	1	136958
367	26	137074
1	1	137531
21	1	137611
1	1	137651
115	9	137689
1	1	137704
50	2	138059
1	1	138300
48	8	138320
114	26	138574
7	1	138606
3	1	138623
48	1	139013
192	4	139276
7	1	139418
5	2	139428
1	1	140310
6	1	140594
4	2	141461
54	1	141532
21	1	201154
15	4	202116
121	3	202940
9	1	203435
3	1	206495
714	86	209007
2	2	262342
21	2	263774
60	2	265676
151	4	266893
2	1	267629
2	1	268573
117	1	328376
50	1	396941
77	1	397672
94	1	397790
4794	32	1749
1311	2	2570
23	18	4152
4	1	4594
124	9	4804
23501	619	4808
11	1	5009
203	18	5607
2	1	5653
8	2	5690
278	2	6576
21	1	6752
3	1	7514
50	4	8368
41	3	8422
3508	110	9441
144	4	10212
146	3	10217
3	1	10497
99	1	11949
23	1	12037
111	3	12399
371	2	12566
4	1	13433
3	1	13684
1	1	13778
254	1	14799
460	1	14955
914	2	15776
880	11	16960
13535	363	17465
5	2	17648
3645	18	17882
1976	1	18182
362	3	18206
35	7	20207
413	12	20473
203	13	21783
17835	225	24323
2	1	24364
1330	49	24432
241	36	24445
88	1	24525
20	1	24677
14	5	24940
3	1	25400
1159	3	25512
69	1	25972
53	1	26034
27	2	26375
3	1	27648
3	2	28005
102	2	29467
27	1	30526
15	2	30689
245	3	30722
218	12	36992
1	1	37020
1	1	38144
66	3	38174
69	4	38201
1900	11	38437
20554	1108	38511
2	1	39686
8	1	40927
745	1	41176
116	1	42337
3	1	43843
8412	74	45117
14	2	45298
446	18	45629
2413	47	45671
15429	1	46118
236	1	46353
1	1	46844
1	1	55536
3	1	55679
58	9	55699
198	11	55960
36	4	56329
5	3	58424
8518	198	58678
4	1	58879
137	5	58945
7	1	64053
188908	5	64096
6	1	64113
2	1	131591
1154	109	131717
18	2	132145
8864	123	132255
56	10	132480
344	2	133101
343	4	133159
3	1	133333
19974	2	133370
2550	31	133590
2320	40	133685
2	1	133770
1828	22	133954
6	1	134437
4	3	134596
453	3	135132
438	2	135328
1038	31	135339
1472	2	135513
161	1	135606
21	1	135636
7	2	136558
16	1	137029
106	1	137268
1	1	138150
4	3	138397
38	7	138649
10	1	139343
22	1	139351
5	2	139967
32	3	140080
10	1	140674
12	1	141185
4	1	141314
11	3	141634
182	1	196778
185	13	199276
68	1	201394
9140	1	201730
92	1	203568
160	1	204848
11	4	205110
2	1	206204
37	2	262916
6	1	263737
9	1	267011
2	1	267366
1	1	269183
1	1	269652
2	1	269771
2	1	269795
2	1	270009
1254	9	327987
3	1	394384
96506	1	395533
33322	4	3561
51	2	3614
518	14	3786
1033	6	4185
1	1	4249
8	1	4528
56831	2	4680
10955	5	5400
31940	5	5488
104	1	5511
116	6	5610
487	12	5769
4984	5	6503
35	3	6855
96737	507	7018
171	33	7303
33	2	7602
104	1	7695
284	1	7988
27	1	8103
378	11	8968
2	1	9119
2486	25	9121
4850	16	9268
53	8	9269
212	6	9658
10	1	9814
79	1	11486
2995610	2	11520
3	1	11524
110	3	11911
365	1	12009
64	2	12513
405	4	13576
289	3	13693
3	1	14463
86	2	14561
27	1	15997
3228	7	16629
309	1	17064
109	4	17421
887	4	17766
4860	1	17792
123	7	18021
473	1	18666
1881	12	19108
50	5	19114
31	1	19614
48	1	21283
20	4	21789
13	2	22085
22	1	22411
67	17	22927
2176	38	23991
1716	2	24012
464	56	24309
9	1	25441
28	2	25617
44	2	27742
7	1	28156
1192	27	28534
84	3	28669
3260	8	28716
7	1	29256
90	2	30039
3	1	30491
8	2	32787
184	1	33042
1871	14	33915
21	1	34820
8	3	35612
6	1	36920
4	1	38030
39	2	39939
140	1	42010
27	1	43205
139	7	45582
4408	86	45637
802	30	45820
2199	37	45899
11	3	48024
130	1	49063
5	1	52901
9	1	53231
1364	30	55406
499	10	55555
3	1	55574
12	4	55685
8170	7	56028
1577	180	56041
8229	6	58511
3	1	59499
226	16	131090
1	1	131293
4	1	131354
83	1	131906
12	6	132165
1683	2	132722
145	3	132815
19	2	132882
5	1	133278
15	1	134270
50	1	134688
41	11	134764
1	1	135262
300	1	135358
1951	9	135393
2	2	135407
33	2	135480
20	2	135572
20	1	135722
2	1	135839
1982	65	136322
2	1	136676
125	19	136720
134	2	136803
3	1	137432
30	1	137888
31	1	138119
15	1	138221
338	14	138501
3	1	139352
2	2	139417
1	1	139601
48	1	139817
20	3	140189
12	2	141053
1	1	141631
36	1	197882
2228	1	200291
7779	1	204256
166	12	205254
3	1	205424
31	1	205718
204	2	262145
58	3	262854
22	1	263073
2	1	263327
5	2	264825
5	1	271783
25	2	328237
20	2	328676
153	1	393442
2	1	395266
1317	7	398704
196	3	803
127505	1008	812
480	1	1651
9	1	1836
22	1	2044
21618	74	3549
392	18	3816
1205	1	3923
64	22	4760
1276	38	4788
1	1	4859
1046	4	5416
75667	2	5635
2202	12	6327
12	1	6697
1033	25	6830
911	4	7600
213	10	8346
109	3	9228
20	1	9238
34	1	9310
275	82	9500
12	2	9924
190	1	12119
5	2	13037
383	16	13489
22	1	13768
5087	2	13977
88	8	14398
9	1	14654
59	5	14868
5	2	15256
566	1	15343
3	1	16202
934	3	16713
59	1	17195
88	2	17229
16	1	17971
10520	342	18002
35	25	18004
15	1	18822
8	1	19236
30	1	19421
4	2	20258
97	1	20328
67	3	20860
25	1	21272
1	1	21877
197	14	23694
113	4	23853
16272	56	24516
18	1	24921
1	1	25184
126	1	25830
380	2	25899
82	1	26109
459	2	26793
10	2	27632
12	1	27980
147	11	28545
259	3	30600
5	1	31027
4	2	32233
56	1	33055
11	2	34356
4	1	36152
12	1	36671
219	30	37542
1	1	38207
1	1	38372
1	1	38517
8	1	39028
47	1	40805
5	2	45429
42	1	45437
1	1	45607
34	1	45663
7	1	46145
48	1	47626
4	1	48595
1	1	51055
11	3	51561
88	1	52233
4	1	53059
15	1	54665
3	1	55492
490813	9283	55836
21886	283	56268
3834	1	56307
53177	26	58376
2	1	58715
202	16	58903
247	3	58923
1194	44	58965
1	1	59588
2791	1	60788
271	3	62347
11316	8	131291
64	2	131331
4	1	131686
14	2	132198
11874	71	132556
42	1	132712
75	2	132745
15	11	133287
4358	100	133676
1911	6	133929
2950	13	134378
240	10	134429
7	1	134707
48485	21	134762
1875	1	134763
130	2	134878
904	1	135127
57	6	135182
3287	17	135352
5	1	135353
3	1	135375
9	2	135834
1	1	136101
3	1	136879
15	1	136965
17	2	137443
8	2	137925
16	2	138084
471	43	138536
4	4	138655
145	6	138797
161	2	138997
746	7	139227
4	1	139409
17	1	140097
1	1	141126
325	1	203209
219	1	204642
27	3	262197
15	1	262757
1	1	262833
58	1	263023
32	6	266769
71	3	268248
3	1	269092
68	3	269139
8	2	269346
41	14	270340
5	1	394301
161	1	394573
151	1	394711
639	2	564
190	8	703
22	2	1313
6	1	1358
66	1	1819
5	2	2110
16	1	2152
18	1	2381
6721	11	2686
6076853	5	3379
128	9	3758
4604	29	6167
58	1	6315
51408	3	7054
14	5	7131
18	1	8487
162	1	9105
252	2	9509
30217	1369	10013
6425	3	10146
141	1	10455
1	1	11691
43	3	11814
2	2	12302
3	1	12494
53	1	12611
6	1	12912
26	1	13189
45	1	13237
34	1	13807
36512	3	14279
82	2	14298
2	1	14453
10	2	15311
4	1	16232
26	2	16967
3	1	17586
551	1	17887
8	4	17974
2982	24	18015
829	32	18046
347	1	18219
2549	3	18703
8	1	19149
22	1	20712
150	3	21050
588	14	22284
375	4	23002
4	2	23243
125	1	23910
1	1	23959
3	1	24023
3693	42	24028
137	1	24459
59	3	24757
10048	1	25181
266	4	25472
210	1	26478
141	1	26989
304	32	27699
78	5	28118
2	2	28360
6	1	28885
197	2	31126
226	3	32133
11	2	33651
9	1	34086
14	2	34261
180	1	34536
53	1	34704
1	1	35834
1	1	35928
4	1	36031
6	2	37347
54	3	37451
14	2	37653
9492	156	38026
26	2	41105
31	1	42160
1	1	45190
187	1	45445
52615	8	45458
3	1	47984
17	3	49136
154	1	50266
1512	19	52468
554	82	55427
792	25	55693
3	1	55769
5	1	56239
2	1	56274
60	3	56300
16681	925	58369
49	6	58504
63	13	58558
757	32	63526
472	38	64075
662	4	131296
4	1	131324
3	2	131445
55	5	131459
275	7	132167
179	10	132215
26	6	132692
28	1	132950
60	2	133311
1	1	133580
17	4	133612
430	3	133720
1	1	133803
1117	1	133870
16525	53	134141
6	1	134271
1	1	134352
12	1	134725
2	1	134736
6	3	134739
12	3	134790
332	1	134877
4	1	136039
15	1	136426
238	7	136434
2	1	136697
1256	48	136969
277	1	137495
8	2	137526
8	3	138546
21	1	138576
15524	2	138915
10	2	139814
16	3	140546
51	7	141248
2	2	198735
15	1	199233
5	1	204170
28	1	205409
2	1	206309
4	1	262296
3	1	262318
18	3	262498
226	2	262814
14	1	263626
362	1	264159
78	5	266967
40	1	267857
5	1	270344
1415	23	395597
3798	8	398053
79144	166	1221
1	1	1519
6	2	1527
9	2	1968
150	10	2119
54	1	2379
1410	16	2611
69279	3	2907
167	37	3302
1163	43	3462
2	1	4589
1376	4	5588
5829	259	6147
182	12	6471
38	4	6866
7254	2	6949
671	1	7068
440	1	7246
95635	660	7922
8	2	8427
33	3	9830
179	1	10209
65	1	10370
19	3	11179
77	3	11676
165	8	11830
94	3	12578
69	4	13636
4	1	14131
62	3	14178
1254	1	14230
10	1	14813
7	1	14979
1	1	15084
53	2	15525
2	1	15533
466	1	16669
2499	5	17054
56	4	17439
1236	305	17962
3513	22	17995
28	13	18001
1	1	18678
769	6	18747
48	4	19332
1	1	19670
40	2	20771
8	1	21430
5020	1	22177
640	2	22408
139	2	22646
28	1	23125
484	11	23724
9	6	23752
15	2	23878
34	2	24391
1857	44	24398
7062	537	24499
1177	1	25983
47	1	26190
3	1	26276
67	6	26617
249	3	28438
160	4	29465
40	13	30873
91	1	31131
4	1	31890
98	3	32194
4	1	32510
708	2	33218
20	1	34660
3	1	35911
3	2	36502
2	1	38150
714	32	38330
11	1	39228
8	1	42555
21	1	43460
9	2	43561
7879	7	45110
44	5	45716
1	1	45942
687	4	46163
501	1	47444
3	1	48794
21	1	51043
285	13	52458
502	2	53828
6	1	54857
50	9	55430
17	2	55636
508	4	55702
4	1	58065
87	4	58485
2	2	58834
73	4	60142
7	2	61452
236	17	61592
3973	4	62058
4862	45	63927
18	3	63981
29	2	133248
4	3	133841
1096	2	133920
9	2	134153
8142	56	134772
24	1	134809
190	7	135517
12	2	135654
1	1	135750
44	1	135756
11	2	136022
3	1	136092
4	1	136221
143	1	136479
156	13	136514
1	1	136525
3	1	136875
601	32	136885
12	1	136948
2	1	137316
3	1	137329
39	11	137568
36	1	137885
10	1	137922
12	1	138384
250	8	138830
1	1	139042
175	3	139490
14	14	139786
2	1	139884
1	1	139989
43	4	140499
1	1	141077
8	1	199010
1	1	205080
1	1	205769
1960	1	205992
10	1	262492
42	3	264186
4	2	264659
6	1	266233
33	1	266345
3	1	266853
1	1	267308
6	1	268494
5	2	269308
4	1	269529
3	1	327950
7	1	327983
46	2	395137
38	3	395516
2	1	383
3	1	490
6473	7	702
623	1	1341
1540	1	2538
52	2	5774
23	4	6057
3072	12	6461
10	2	6648
206	10	6799
22	2	7992
2941	2	8201
1273	15	8220
2	1	8359
1480	1	9797
82	2	11081
474	5	11776
19	1	12238
38	1	14291
224	1	16229
39384	18	17390
3	1	17405
11	2	17454
84826	24	17477
1477	33	17551
7	2	17727
26	3	17775
559	1	17841
1	1	18051
1072	11	18119
64	1	19009
46	2	19460
564	1	19551
148	1	21019
513249	6	22252
136	2	22438
997810	11	22460
34	1	22466
2009463	68	22616
6	1	23332
12538	126	23688
359	14	23956
170	1	26166
1	1	26611
15	1	27792
71	2	27882
75	1	28723
2	1	32110
10	1	32289
1117	2	32413
80	1	35865
141	1	36645
13378	32	36692
27	2	36991
1	1	37074
1167	114	38067
1	1	38564
21	7	38623
4	1	38732
69	1	38900
151	1	40111
2	1	41750
30	5	45194
6023	148	45326
9	1	45753
2833	74	45766
9	1	45926
13	1	47563
1	1	52444
3	2	53524
518	19	55330
14	6	55824
6	1	55828
150	1	55857
7	1	56197
4522	1	56240
47	6	58474
301	9	58519
1326	19	58966
1	1	59341
21	2	59365
4	1	60372
817	1	62839
1	1	63916
6	1	63962
198	48	64037
128	8	64315
145	11	131464
2	1	132053
4	2	132447
105	17	132669
250	21	132744
50	6	132978
84	7	133187
65	1	133400
2	1	133713
15	2	134674
78	4	135025
263	1	135288
1	1	135449
13	2	136177
7	1	136301
2	1	136305
379	21	137088
44	1	137107
1	1	137109
8	1	137967
4	1	138096
25	2	138187
18	1	138298
58	7	138313
6	1	138432
5	1	138543
13	8	138621
106	5	138755
3	2	139423
96	4	140242
131	13	141184
42	1	141280
8	1	196978
4	1	198004
4	1	199435
4	1	209179
38	2	210309
9	1	262154
9	2	262813
144	4	263047
3	1	263098
25	6	263230
8	1	264704
4	1	265684
1	1	267594
100	3	270938
106	2	327907
2698	1	394974
26	1	395592
