262191
202
132215
53066
138059
61587
51336
265668
5610
22260
11172
7470
18101
55410
264384
134319
42313
19460
4538
40339
328146
11426
17477
11971
23923
263703
394974
12301
1759
37358
52916
9198
134762
50780
8220
30600
31655
53987
14755
5769
6429
21928
51964
55341
263626
134270
9937
134702
15491
71
51313
46313
56300
2497
28156
134542
137666
47377
135478
36291
26592
4454
27980
28006
37564
17301
37719
16276
49800
140843
29256
27856
6461
45298
55501
30087
23956
4766
31126
2586
28668
45090
24560
16623
262685
50710
29571
17625
3215
266314
5650
10834
58923
51590
45609
138109
5588
16232
52687
28598
6646
6128
18666
199270
2161
11232
41167
63949
136395
1136
706
9832
327812
15399
16700
4837
23750
7922
55309
10075
12494
266761
64018
55901
63859
137699
55352
32851
20057
47719
11814
15525
14178
12430
27895
18239
9930
7474
4760
3301
11892
7468
264360
8427
12400
55780
134772
61461
13999
17648
32886
23088
56047
6648
55836
27994
6939
15450
33353
140174
12942
133989
11478
20845
135480
198004
265646
13693
17665
8374
21599
14051
9318
269190
25620
27742
327984
18113
9534
264159
42774
29684
45899
23678
134773
11272
52233
33651
60829
2538
27773
269375
10455
20771
21430
52280
31042
35110
26375
56043
269182
134315
139884
9216
131893
17451
203
140384
139992
140144
16637
14306
203735
11589
52361
2119
9269
28624
36715
37233
2686
56046
12479
11489
38370
132637
263310
12338
134153
132950
27831
43885
135607
14117
134316
14131
45820
3257
38524
135127
15221
140424
36903
134763
9283
137689
38203
29695
2907
21019
34781
50432
59816
16284
56478
36992
23951
11488
199276
60781
56628
55699
57269
51038
137996
266809
8473
132021
37154
134033
36534
55492
27932
28623
61911
48728
23688
5009
264571
28032
4515
58461
203435
11686
395198
6866
13636
38019
12350
8422
4609
26599
9723
14230
30873
15502
21826
17557
134764
38500
328471
198279
24323
48595
4775
39288
136200
12066
57112
22047
264659
19429
8487
38511
56197
3389
33064
45433
6471
19443
39939
18196
52228
6661
719
52468
9381
72
19076
8447
23930
138150
393924
27017
11992
38625
6079
24835
136820
270366
9304
1221
4800
7403
9619
14259
134271
18046
43460
139989
28329
132480
7792
141314
63996
25771
35728
18206
9924
63981
18153
262420
199010
29828
45758
29614
262253
16629
38258
138119
14522
207492
3067
54936
45445
3561
33771
21127
136199
37347
15147
132652
58689
19236
33749
23089
56044
16814
12576
265096
60876
6453
328708
30526
33556
36907
134264
17400
264821
43700
26619
17421
265347
270009
206841
5602
30202
29245
9299
139227
16524
13208
7046
1273
17547
25951
50266
270062
6619
4134
55039
11664
206262
8400
8781
24154
13237
42841
23966
328319
137697
18678
20860
38529
28118
3816
47956
56041
9009
29314
263023
136993
19161
11351
5607
16202
17995
41750
2856
31875
9498
5400
266853
125
24173
28360
11949
17062
4181
24547
1853
7298
269308
135353
8048
140732
23002
136287
28885
328490
28226
45773
38771
12310
140726
133278
14754
10796
17488
10837
27738
39651
198397
45317
262847
61452
20207
134869
53062
12975
131090
7098
12895
18539
9121
11081
18822
139490
14454
52995
14799
327907
22085
3549
201874
137889
138536
17483
44444
27648
268491
210162
139832
263314
328453
4540
264704
25180
22724
81
10029
26034
5466
5645
267011
138089
8445
328125
58895
51200
45117
7303
17813
29492
17054
35911
5617
134707
51207
6503
264861
135756
9228
17506
12252
264136
58369
17210
28146
35819
138079
53102
2381
37611
63222
11245
29208
30383
135449
35352
264573
134878
23910
27951
134945
136198
25472
36873
19108
60257
12455
6400
135391
9821
22394
24757
3352
16032
58965
263687
37053
12271
136334
28186
271783
24523
5488
132116
201211
12399
137085
37451
11830
56595
36671
4808
27775
265643
10474
24186
32408
14868
12552
60880
53271
28165
264668
4750
22284
35549
27953
38765
263238
9310
9830
132203
15557
32233
200291
50158
46562
44558
262186
136969
7695
38896
9873
139972
134552
21574
47493
395354
45905
29170
15659
19332
30844
205254
5635
36997
8151
59150
36590
36393
16360
25562
16735
139428
8881
45903
702
263098
7992
48744
59807
48638
43905
4787
22438
264929
43561
17807
55577
59361
62347
327933
8551
9929
262154
28545
136074
33470
262197
3269
398391
136119
23650
59989
9829
8968
23944
199335
21571
37203
7311
10146
17145
201984
135553
197524
27839
30219
8866
61844
8368
35985
27843
11427
59185
136907
138130
26048
3786
17623
18403
25081
268541
55693
45629
701
31122
10620
7011
6752
263774
18001
3132
11845
16685
135700
37061
26210
134875
30372
24444
53008
398704
199298
4043
4761
56329
24324
35865
10879
327983
30036
6849
63888
49136
141646
25181
50923
9988
12177
53231
7545
34244
42298
28680
53158
139870
268899
14201
17816
25019
7418
8075
24482
52373
134877
26579
45305
31727
137268
262916
11911
137687
28573
17465
8003
58966
6535
45806
141532
264628
34984
47984
4230
131232
199435
202940
22787
132525
38067
133481
136215
262492
5690
263817
7459
264800
28685
18719
137654
42575
204642
28368
138871
47626
266967
37693
37284
6855
136429
5384
18108
201394
10794
131706
18209
18964
20255
5056
21088
139418
17727
17894
44814
23724
58495
3302
1226
23860
52330
135356
28536
59109
38195
139409
133844
20077
5089
23243
137432
12392
17885
4812
36692
25668
16886
32098
20676
45763
134810
50551
37653
55960
206798
209799
263737
62044
17386
31472
263047
3602
28729
57743
40108
36920
45725
28080
12741
62642
55685
38320
328237
3303
205718
17621
3573
31263
63969
37105
264556
35432
134134
41872
12302
25039
14080
59164
174
13977
27651
3356
27729
9905
265535
13156
18881
7590
34176
43766
49628
8452
199706
19801
262210
47474
42943
12849
46375
29465
204170
140030
131735
21782
18530
135477
29091
3758
204848
262493
17390
264913
55944
139941
4826
206
59257
34704
138084
24863
14279
10429
13649
37282
34660
203217
328003
34261
135232
22709
58485
262504
14463
58543
48832
8758
23148
24492
266802
7497
38264
52901
55714
6799
201321
139351
140317
812
33588
28556
209
267195
7194
262570
8412
28331
45650
327750
11014
132165
56274
22884
12793
43670
6147
12322
15290
201730
7029
43343
59156
7738
9503
50463
58678
56186
52371
9268
6300
262286
63267
23655
11492
19009
28509
13489
15924
12513
30030
8399
45804
395465
135636
58945
45410
45916
4809
5713
8708
28191
8767
267308
23674
17622
262195
23969
267853
14061
8339
206092
62929
62802
200748
22381
28005
58593
20880
59151
140469
46887
196735
16229
6315
9931
16509
131717
328594
2688
21050
22460
9536
4637
3462
397569
328676
62336
37150
2527
37148
13036
262296
139904
852
37645
18734
17762
34235
34912
2539
28284
45518
17501
16960
19114
16211
3456
37315
133414
9116
12353
138716
12389
4657
2116
12735
9341
136803
197897
13110
9443
6871
58504
205400
262854
12874
4473
44869
1931
39402
16696
137
38235
24233
4352
4755
45786
58466
2687
42864
3902
33363
134013
132199
44407
9541
133388
43372
4804
58682
803
15704
37182
18365
16169
12578
21412
6697
7713
32912
131444
203568
24139
33915
269183
8492
15582
29217
52363
15169
209179
9927
133647
266345
262498
138005
855
134768
63835
1267
9051
49117
56048
138123
55430
9808
1213
264825
14948
24309
42772
43207
18747
8244
396982
55990
17072
27882
18862
42925
136646
24435
7575
136654
8103
24088
23700
22703
51100
22561
203724
59317
25408
62011
37680
134594
17429
22899
7057
32257
51223
28716
2518
45769
141077
134775
133661
18840
28657
36937
12708
43205
39369
15247
27725
5432
44671
21339
36105
6327
11320
59080
17377
48634
137329
205110
19216
266410
21054
16347
28523
199081
17552
25441
13037
28458
6057
56242
36813
51935
265676
24940
13576
21283
32787
28555
6167
133954
19151
61675
133287
14638
26133
29255
140025
37353
42090
6805
2516
61568
7224
10024
58821
266233
8167
50995
7602
30999
3737
38794
31133
2711
17754
7018
6739
36223
133982
23316
4007
61135
54607
134861
21491
45458
8764
27747
201991
134090
4847
27947
46023
24085
23201
37184
*
6848
9790
30848
22773
45582
56466
16591
395137
2013
559
208341
55947
2386
28378
4773
132957
20115
22616
27699
393442
30689
28669
29467
13717
2611
37100
134809
14115
18229
30764
15802
28581
24921
37457
20294
28878
38809
131686
9506
138421
28530
4565
28538
8717
6253
5410
786
394384
132559
64300
18703
18182
1836
9422
4983
395461
134648
8468
41176
14299
17310
46616
262893
51561
797
14265
60187
43843
10212
327950
9684
134202
3243
131111
36924
30722
1239
5606
25424
12083
56040
13954
138901
17996
4788
577
24530
7552
268248
21710
6568
44395
133676
40154
15435
59050
3320
26615
51375
267224
7049
1747
8437
20650
60068
62753
24400
18883
138022
8047
1680
8529
264434
202561
17676
42189
7068
12714
20001
202699
196978
26617
5416
262833
51074
32489
23487
28316
3209
262814
6830
17639
14615
51043
28438
268942
132280
53059
3329
266769
131210
43939
34697
42010
15962
36994
5653
138001
37963
397142
20712
7296
42926
58963
28548
3741
24218
45102
16082
135964
137677
269139
206635
9657
15776
131207
205424
8334
48359
13119
17638
9812
4713
136030
6713
7106
4795
7642
28534
9105
262342
25031
5413
22566
13767
12361
262199
270996
10370
25512
17222
263793
138300
4618
264486
51407
4764
49229
264198
35612
137959
262875
24445
267278
53813
132198
18002
27696
23679
141634
262813
133107
11776
36974
2905
2828
11404
55461
22927
33055
131693
269738
1257
263230
9658
36524
263790
21724
