27953
14306
263626
262186
8717
24547
133623
9657
13999
24691
56197
9929
203735
43670
56242
1747
6327
30848
16814
53230
22381
44671
52280
12173
43460
17648
133414
55685
9821
3265
28080
137959
139490
22927
42925
23201
265913
5650
52263
262916
269422
25031
32851
1267
132559
15542
37282
7106
264159
27843
133524
6079
11814
17639
56274
9930
9830
15557
269738
37140
5713
28438
53102
3257
26048
19076
262154
264571
47273
56043
19801
266989
32408
24233
266621
21783
397142
15776
8399
8473
41167
138886
10794
18840
327750
9541
3816
2611
33353
266830
27882
37105
265705
12083
27951
40339
266410
136429
140427
5617
15399
393796
56041
9927
4816
109
328708
41872
20845
34254
28156
134316
139992
22566
11589
12735
209
10879
263687
19151
4181
131207
8487
17478
29314
12301
15525
7018
138716
41124
26375
202940
6739
51561
139280
60814
132637
206509
9341
38067
7029
16762
37150
8767
3786
18678
201890
559
158
198874
24444
33470
55461
134651
134869
134772
45629
57007
201874
135477
42774
12741
201984
9829
137349
266769
62642
11489
8427
25951
28032
28729
27988
138862
26617
15311
395354
19863
263310
19009
36907
6697
141626
63888
28368
328471
268248
18206
50551
264628
28271
134033
8359
132203
266967
138079
17622
25039
39402
18233
4787
7497
137666
36920
8468
28623
15962
327907
25620
9051
6568
38370
50628
32277
265646
28538
139941
138871
41709
199276
55699
262847
9394
58640
42610
198589
30844
9443
21058
3269
43207
1103
49628
52468
36291
17145
25562
52444
61135
52233
29487
15221
134884
3741
4134
63835
136803
29649
27017
3561
25472
56373
7046
7590
7545
28555
208406
131111
44034
37148
262833
3292
13649
6730
42864
45758
58965
28545
58461
138754
24757
3302
55430
8968
16276
36937
17400
134775
26592
139972
33771
28635
55990
29245
43205
9534
27747
55780
141634
37963
24492
19332
21050
61452
28624
28165
42090
17488
17483
9684
8881
14799
22773
8374
136287
37719
43372
4760
21054
5483
328659
12849
8764
205254
59816
35549
4812
31242
32257
36994
51038
20294
19751
134768
55341
16886
328380
27651
55039
17621
139989
263230
263611
263790
201211
136334
141916
30600
12119
328319
55333
56040
134013
3215
17377
11478
33556
9498
33363
3067
6453
24835
140384
9121
140144
9031
1213
45445
394974
58963
36813
265643
701
17210
4755
136582
17552
268899
5394
2860
328676
140424
50266
5578
28534
57976
26478
1931
6799
28669
11245
28284
267224
23910
797
7642
29571
132480
15450
13208
7922
12252
43343
61568
28716
19161
9166
263702
9105
262195
10094
59317
24186
24550
136200
58923
2116
63859
25512
6147
18113
42841
14948
34781
11830
263151
137329
28006
58504
22438
6939
196978
10474
61844
262813
264556
52363
18209
38019
3573
32912
133817
24445
703
18881
11272
134134
262197
62347
14618
138150
140310
8412
52687
262777
141532
38258
50432
3389
9381
4613
12479
12177
16371
2527
28226
6057
803
17885
132442
14615
206067
136030
23089
41148
197524
45903
134773
138536
137331
7459
7575
264387
14969
266802
135258
3209
6848
55501
17390
209046
17451
16509
7311
395461
64018
270062
8048
17386
2497
17547
51043
12310
12271
3902
46375
6167
42382
8452
5391
263737
17897
5400
51060
81
59185
38203
141674
4538
18046
26034
135247
37457
25181
16735
18964
50734
56401
11427
55309
140726
5610
265111
266069
4764
16194
36534
15502
3758
10103
41560
27856
6300
27980
267409
32489
45102
36590
53813
14230
55836
37353
263314
7358
269190
11892
12576
28878
55947
132280
10620
174
6471
23678
7792
45090
264486
10396
60829
59282
268541
29975
12430
45899
55410
18229
29049
42313
131893
58543
39608
4473
53158
134270
50923
262899
9304
10024
51100
21724
7470
137996
37315
11845
23487
4795
50780
20255
23243
10834
52916
137074
23889
134319
51964
7883
30087
51207
47833
45905
12399
12874
56186
138168
45305
28403
13954
16229
135480
16032
1257
7049
26599
58092
263793
9503
203724
20712
6871
24852
2586
40676
14201
13576
58466
9198
7224
135127
328453
139651
45410
43561
51178
37451
56300
16342
13237
138421
35985
35728
24002
396982
20771
31042
17727
17465
31655
55901
5690
11351
55960
15695
4750
134762
28343
37693
205110
138001
327812
577
268321
30325
264704
16592
4454
29208
18239
18666
11971
47377
51407
706
2381
208341
8437
205199
24218
37673
6821
2687
16569
6256
62044
137268
55944
27964
266732
16169
27695
53008
49583
3243
140732
270758
34704
15147
23470
37182
328140
7194
262875
136907
14061
11426
58945
30526
5606
269346
11232
19236
59164
199335
14868
56046
17557
55714
12895
1221
47232
23655
29231
3352
8492
28725
7418
37061
202
28657
8400
140674
135700
133647
28573
63930
26133
2539
5384
23148
47474
19108
5413
138172
28263
37492
1836
4152
9260
20057
5635
42575
7713
8953
328125
13285
17762
32808
267638
132957
2828
37009
134041
134886
9848
18862
37529
8220
13014
44395
45769
72
17754
16629
8053
29256
262296
2905
37671
141128
11976
263703
44407
2711
266809
262731
8708
134763
49800
9299
17073
60876
45582
8151
132199
3549
6315
56044
27947
23002
13977
28316
55821
35352
135391
24400
20001
8368
21412
131706
53005
1680
204170
17623
4230
22460
31126
12400
4540
11492
9842
138005
38794
14299
32194
138022
16232
15802
30383
52995
49136
31122
28536
270703
14463
29695
263250
1273
9310
262210
7738
24309
19216
38346
29259
12552
262814
36916
9790
47956
210162
59361
10212
37358
15048
7468
9457
3132
4983
59109
134861
139351
15169
46887
8612
266853
4837
16082
134878
201394
28118
21571
7011
2516
45820
27932
262503
328320
4565
58821
9506
4761
30689
52373
2688
395137
28685
134542
6646
15247
139870
7303
16685
134648
23969
39939
17378
262352
11014
38500
5432
37184
28509
62802
45458
25180
202699
11992
22616
14051
262498
5602
23688
1239
38511
59807
18153
48638
20650
5511
17813
28556
327950
136654
37233
21339
205400
22884
30036
4352
17971
269183
20115
19443
852
62753
17421
28615
42298
50995
6661
8163
135964
263098
38264
132215
21088
59155
786
135433
11888
6805
23316
52901
53162
4809
21019
3356
262342
5009
28114
18530
135386
16284
18703
25441
4913
39238
137633
71
51313
58682
2538
8003
51590
53231
5607
30030
131090
29467
23930
5488
393278
206262
63267
26919
58966
719
47331
34235
58689
23949
270419
137697
266761
19460
38769
8866
134271
4773
267752
17638
138300
56628
45763
52361
136969
2161
14265
22899
24139
6253
36715
270009
138089
394473
139884
2386
45916
10429
133676
19037
6429
24154
42010
8075
27742
3602
8193
139832
18196
8103
4775
28668
13127
19881
6713
136646
28548
721
206841
28331
3320
29600
14178
12392
131284
262253
34244
10796
35819
2134
30372
855
35612
8334
27699
139904
265631
28126
16591
17816
8551
30873
200291
21928
264108
17310
12942
134674
262504
6866
3462
48945
55666
12390
33915
133388
13119
136993
11172
5410
264437
22047
62929
45433
265668
18719
125
24523
27839
58369
17072
7155
43885
265950
132021
18371
4826
48728
18108
138123
21127
37611
13110
36692
2119
26579
17054
7098
60257
140443
42772
25983
8422
56048
269351
18734
61911
23966
33588
30764
9536
63222
36393
33064
197709
28523
37645
264825
262420
33383
209799
28329
27775
16700
132116
28530
38320
33055
10837
28196
4043
812
16623
60415
36351
138482
141646
11686
7602
21782
31472
131210
14259
14754
205718
5089
18002
31263
134315
58495
6619
37154
13636
24863
40154
46616
4766
50463
63490
269920
59151
8244
135607
6181
48359
133982
17062
16960
20207
26615
16669
6700
9905
24173
25019
26619
135232
140849
11404
21021
43824
136199
264800
7296
9808
19429
199298
39651
17670
9619
40108
18403
139428
9116
202819
137689
262854
133481
134877
25668
3303
197897
4800
202561
137020
52228
18747
24560
131445
23383
37564
139418
38529
7057
3737
10370
22764
16524
398704
18182
45117
20723
37965
46023
11949
32098
36549
3301
7474
5416
28260
7403
6830
1136
17301
268942
8821
42943
8167
141322
61758
204848
39010
137889
134202
55352
131686
264668
268491
8228
45498
50710
38150
28186
4657
*
12066
56595
13489
24378
266233
24722
29465
6503
25771
35911
141642
37204
203
28026
16019
63263
8447
14080
141262
17222
5769
16347
22703
17429
2686
135722
22724
53987
10838
35110
24324
61461
23503
263047
50673
57743
132167
134119
55256
56047
4788
24921
21574
199010
6128
41937
134810
20676
136480
10075
14115
199706
13037
18101
264360
12975
141339
4515
34660
55693
7552
51200
22394
26210
38896
46313
29828
34261
12353
22260
141071
35432
11664
9833
51074
134739
50158
1759
17894
140025
36992
4847
9873
135478
9832
41176
17439
34876
64096
49229
140900
140469
2013
140174
6849
199652
34984
45194
262191
17506
200748
328237
30722
19114
134594
263503
2856
134090
23860
23674
56329
134764
1853
14279
8339
37284
267629
4804
6461
18539
4808
43909
6400
267308
10146
38195
12361
51336
15659
138109
133270
23700
5466
53062
9318
12714
15435
20880
3456
134264
28292
262490
32787
12708
25081
27729
4713
