20001
7403
264437
56046
37529
9304
7497
14799
55699
3301
50266
27742
137020
8767
5610
23750
23002
20771
29684
4657
266621
577
17222
1267
197524
36937
28080
23688
23951
208341
134202
135130
23650
7468
21724
27953
15450
24173
10212
22460
14061
14754
6461
55714
16347
62753
55430
202
16276
134316
42926
138716
18539
203735
11814
12271
52280
17062
134090
28530
56628
12793
42943
36291
23969
263793
9121
206262
270062
2116
28598
62839
328237
16524
15557
6429
266181
52925
13999
12083
37719
12350
5690
28548
37154
32067
3549
13208
45725
9503
7590
132950
15344
5635
5769
28006
8968
46023
56048
4352
16229
24154
3215
140174
135964
3758
137703
8167
50432
199270
6400
394473
31655
264360
262296
139428
9832
397832
131706
53102
22927
60814
58092
51337
4788
19151
327984
267411
31263
269738
9930
205718
8821
264159
27856
24523
37347
4837
15802
174
8103
59050
18153
13636
10879
134773
131444
206509
9534
49136
8427
21430
134884
17622
395137
136200
48133
29252
12576
137689
8781
6453
140674
34697
37353
140025
14178
268899
3741
204170
141322
45899
35110
8359
262197
39402
139651
59816
1680
59080
64018
52361
6568
6256
15147
4713
136969
45458
16629
45916
202699
13489
43766
37100
58689
16019
17547
16591
2134
4766
18747
138089
133648
58461
136334
71
109
135756
51407
9031
135127
30036
9443
26619
16284
28509
266732
53231
44395
133647
8075
134762
38150
17310
59807
8764
9498
9790
21412
137889
26210
138064
5432
21088
61452
135232
25441
135700
18734
205110
24186
17625
11492
16592
2586
22773
55960
23655
9269
132167
3737
4795
28556
12975
7738
20712
266336
26077
45445
136993
42864
4565
50780
32787
6471
38511
46616
7470
140469
266761
2386
134768
2516
31126
30526
16232
6979
38320
7713
139409
23674
139418
11260
328125
25181
559
29975
262814
138536
28458
61844
11427
266410
4809
9394
11664
37457
55990
10834
37673
38067
269750
134877
210162
19863
22899
199335
34244
40108
134180
135523
6866
139904
8487
852
9009
58965
56401
18530
26034
1239
32277
50710
63888
137666
17386
132215
45305
12430
16509
267308
25180
327933
199849
134270
45650
202354
56242
4847
327983
22690
5483
12389
327907
42090
23243
8368
197897
131090
23316
13174
138862
269346
57743
263626
36549
15169
265646
37203
52901
9299
270913
3389
28186
137268
6739
204642
52687
33383
7011
58966
5400
63526
37182
134775
18229
24445
46375
327950
131232
8717
8445
6619
11272
17816
269769
42575
8866
1213
11215
137697
13954
12578
36992
51043
9536
138001
15221
4761
48744
6503
25424
138059
20804
132652
141262
30259
139989
7224
11976
134013
24921
6799
38195
268572
21246
27839
8437
30383
133623
4816
18046
52233
133414
53008
56300
11172
12390
19009
263737
30030
29208
45903
205254
6830
45090
41560
23678
23949
17762
2711
16685
208402
136271
37148
59109
18403
265643
6253
134772
203
26615
11686
53062
269190
47331
55685
24529
17995
136429
59164
4058
137329
23487
37105
27843
63490
136646
17483
7296
10075
22260
25039
139941
131111
201730
21928
6805
61135
29828
10024
37204
11556
13237
28271
56329
19108
58678
47377
4043
26599
139525
3602
812
135692
28680
15704
7459
38264
20880
52873
36994
263774
42772
27729
7575
38203
10474
20650
269139
132480
266769
12353
29614
37358
23700
18108
16082
52916
33588
12361
5607
24164
38794
58963
2161
46690
30764
14615
24691
16360
24324
45763
24309
264628
6848
37965
43205
50673
53813
10796
262195
17621
263163
196978
21433
138014
4773
11245
37611
270432
59150
262838
53317
39010
14306
3352
52468
328453
11971
263314
136230
37315
55666
1273
7545
35549
28049
264486
20207
28878
33353
48438
17451
55836
63835
855
18239
23148
36866
16169
328003
22703
61911
55352
55780
47956
59185
266233
32194
133982
28538
5645
3265
14969
264571
328676
138123
269183
134763
58682
5416
26375
141634
41167
265676
60829
16371
131893
4181
11845
9310
30087
8551
17072
45629
263151
45410
9116
7106
14265
9105
8163
18666
39216
45194
9821
133676
58923
28536
12025
51570
140144
5410
9341
23860
204848
7792
139490
53066
30372
42003
136074
28716
9422
9808
22302
136199
59989
8881
27775
58466
5602
11014
23201
51207
141646
140437
328319
23088
207492
34040
7552
199298
138079
37233
18002
24085
14117
263144
20057
262916
137996
23724
43561
132525
201984
23944
6849
140030
15582
4800
58224
35352
26579
262191
6057
6648
14230
137633
63949
134134
205199
2687
17623
15399
62099
8374
36393
37009
23966
16700
50628
265463
56044
2856
35911
58504
4750
138022
45769
132199
9919
53987
397142
30689
18209
3329
27882
43670
202940
3320
52373
2381
50995
51100
264704
16211
27699
35985
17557
141532
23930
134259
139832
37693
3561
51964
8452
12741
8193
12119
140607
24086
264556
3269
60257
14259
134869
18371
136065
37184
138871
12735
131693
16735
9873
55901
24482
19443
58945
14115
393924
52363
11992
3302
3902
210158
28623
40285
138665
209
35612
3462
16814
14373
72
58482
56041
47626
31727
4515
266802
19600
28196
139026
40154
4540
22884
30722
17665
8422
269351
25620
23889
266281
9905
131269
55461
141147
10837
133844
12322
2539
263023
43207
131717
56043
6939
55947
18862
262210
21783
18113
398704
1221
36813
268251
28226
8586
5488
27696
1257
134315
34781
8492
2905
9848
3209
48638
42774
8220
29492
41176
13638
28555
15776
12552
12708
199276
61461
21571
2688
10838
51336
56373
141127
26048
28284
132203
10370
267752
266809
262731
38529
30844
25562
28343
58369
327812
19801
135607
45609
3132
42337
13119
25820
45102
8048
51124
3356
6752
18881
21599
265913
138886
13037
15525
12399
135876
262847
16342
8447
59361
33652
4230
51590
43372
8003
25668
23910
15695
134382
22394
395354
1759
29465
37150
27693
9541
12400
59282
17210
5391
206067
39288
140424
40676
17488
17885
133661
263047
25512
21339
42010
26617
58543
17638
262875
43909
134878
2860
21574
15435
24560
7029
7474
22438
3292
267427
45758
29256
38769
18196
49628
263790
10146
13977
13110
141616
14051
9657
134648
15659
262420
53181
5617
58895
139962
202561
30873
786
11489
1136
136803
16623
22284
26253
263687
51038
13576
199706
1853
27651
29217
7049
44407
7418
45117
62347
7642
17552
3257
6713
33055
8708
29245
21127
3303
36692
60876
9927
7602
29255
268248
6327
33771
134861
9506
140427
17421
15962
32098
4764
28545
17962
37140
29571
8529
262352
40339
135478
2527
269422
36715
264136
200748
6147
139972
6535
26592
58906
61587
11911
24233
41872
47474
12177
60068
*
19332
19076
11830
268942
36534
9583
49229
4787
39657
203268
209799
36143
28316
17754
22616
29691
24835
201991
2611
11404
14299
14131
134542
9931
8151
9929
58821
37680
265631
37282
3786
395461
4760
38500
7922
4473
28729
49117
45302
5606
27747
139352
4134
32851
1931
7018
31472
25019
18182
4775
63357
45820
35432
263310
139043
27017
136907
43885
394974
132637
328708
132559
2497
198589
11949
Equinix Singapore
18719
29314
17501
4755
269545
136582
28523
3456
17564
138835
17747
138084
24444
328471
262813
28669
55501
134264
10620
38019
53162
133989
46887
26133
24139
35865
5650
32408
262186
29644
19236
135722
14618
138109
136654
138119
57112
266331
4804
14868
24940
17727
206798
2013
132116
28329
11351
44400
35728
2686
6871
47493
5413
20845
27695
139992
264668
53667
17429
139863
32257
27817
27947
3067
16868
18703
132021
45582
138421
28368
28438
19216
10753
4812
140726
12874
25472
63267
33363
52995
7098
34704
28573
12252
131686
23853
4808
28685
5089
17145
32489
15502
9381
135654
198397
6128
141314
48945
264800
28668
23089
17676
12392
328146
36907
328140
37645
18840
52228
34576
5466
38258
8053
56040
10264
51200
48728
131210
139451
12066
10429
17670
62642
20632
11426
45433
51313
12895
42841
6300
33470
263230
138005
22925
6079
55039
28725
44369
158
17648
11589
135477
34660
9619
42925
58640
17378
203724
7057
25771
34261
134033
134810
39603
139870
19881
135247
63222
62802
10455
136030
134319
56047
53158
396982
139351
12942
328594
37963
6661
1901
8517
20294
28512
17813
5713
266967
8473
23383
6315
797
18206
2538
197638
17894
17465
19429
140317
4983
21054
20676
29231
39939
24757
37088
17390
201394
43460
262498
12479
135391
24863
2119
4826
719
12849
36920
136287
13693
17506
9829
36903
50463
266983
205400
262253
7046
42298
51561
270862
15247
33915
5384
16960
3816
6181
20255
30848
34235
39651
56595
43343
18101
4007
9830
8228
140384
4152
262854
4538
44034
6646
125
131735
9318
29695
9283
7670
263258
58656
4618
59317
39863
37671
37061
62929
16886
33064
266989
8468
6855
21782
701
12310
22724
44671
28156
45905
17639
34984
268246
31122
48832
21050
48359
134764
21826
14080
10794
21019
706
28118
135636
35819
267853
28698
24530
132280
2828
25081
264825
81
7303
134041
22566
28165
55693
12301
268541
58495
19161
8339
27773
14201
14279
42313
53089
7194
803
141067
134271
30999
28534
16032
27951
11320
33556
1747
55178
137349
20115
24492
29467
11232
9051
49800
8400
13649
63930
8399
17054
62044
37564
18964
46313
63859
