138311
270961
14045
262757
38370
269756
139004
18734
25369
4761
21003
38192
12513
45916
18539
55701
7497
52870
9051
134026
134153
18371
38625
131267
55330
10103
262916
18840
134041
15290
3549
134382
27699
9534
27882
17648
3301
16524
4352
59156
52871
3320
9546
13174
31195
139989
36393
14754
42687
36671
18747
6181
5511
395127
262420
64018
11489
13208
3303
4771
37105
59547
13110
62839
25019
55821
133278
262490
21724
139451
133817
397569
137633
27980
14948
395461
266989
18001
62759
6568
12576
28403
199849
21571
3786
26034
63835
131735
28292
9116
10264
267411
135356
327984
56300
136199
3243
2538
11404
51590
23889
31133
2119
16700
264186
54132
264531
3491
36924
264107
20860
9121
37182
24631
39927
134315
28049
5619
3209
265646
39651
131444
135258
60187
3352
393796
394077
264571
49136
48438
1680
23487
19881
133275
41709
22566
9919
577
27951
133648
9929
47474
24154
9304
52747
9930
39273
57795
3663
199298
11845
136074
134768
134543
31549
264009
23148
55430
133287
30517
267409
23650
22927
12975
16211
13638
140469
9422
62802
133481
33064
8075
133414
24164
33652
5009
30600
210162
29614
134861
11664
7298
5056
208402
267629
266646
4538
262192
55256
328320
17501
262814
27817
201890
267335
29255
47719
131284
38150
328594
12119
52260
34244
270432
269898
328319
*
262286
61889
1273
25668
139380
44369
3389
37100
9341
20278
44395
9198
20144
28929
15147
24863
3132
58923
264929
394955
60268
206094
133779
13576
15435
133647
56186
2497
31242
263800
16276
134594
52361
264159
26271
16371
131706
28271
394161
58736
24085
265347
45582
6461
53144
5690
16086
19180
132215
140900
139409
138877
39603
42925
132199
206774
28186
44500
328125
38809
394974
267224
196670
269920
33055
135405
55693
45804
133797
6300
34576
20115
31263
8893
266465
17386
36493
131269
268121
39351
6057
62929
50266
26253
63888
136993
32808
34697
13037
59989
137278
141616
134762
45430
32328
9365
36590
14369
37233
268544
13188
9283
138064
25771
132480
38165
52873
7642
7470
197638
37457
37315
28331
26375
39863
131207
23316
22260
6661
134702
12400
9638
26210
131767
28316
20077
22764
5483
43766
39878
8402
4230
206049
28126
55699
30844
136287
132585
3902
14868
266621
8953
32098
38193
138005
24550
34774
37009
3816
4788
63490
37963
14230
134013
24203
63998
17506
20880
36992
64096
43343
15935
55901
58656
267278
17072
37965
7311
28236
58334
37564
3212
3602
16906
327733
20464
14306
53062
136823
10837
15895
28635
56044
9541
17670
398391
8220
45117
4515
265341
42575
23969
38026
17622
139762
2688
7670
43700
18239
18002
138520
27895
264778
6805
22646
6167
263817
38235
264573
13977
133612
26579
16814
63357
10617
47794
11492
55039
48133
12552
134963
12353
2527
8399
10481
14677
262675
34296
265096
262833
16135
7098
2686
11949
263163
12177
28698
141077
202354
45725138877
51935
24309
4812
11870
5416
24024
60925
263023
131337
131354
38341
13127
37451
137349
52075
37061
42314
4454
11888
63969
11911
24207
135391
29691
12350
18712
1853
43160
30030
140174
13489
17483
28729
266809
26619
133720
49100
138014
262685
205110
56047
63859
20928
3462
9790
264562
139372
11272
28080
5602
24435
1257
22925
264628
132442
138881
200291
10879
29465
7418
4609
131279
7922
3593
3329
54607
17479
139195
16169
4802
7438
199484
51337
136334
13119
210158
136651
16685
40676
6421
137689
4618
31042
4657
9145
41124
269769
22381
40339
268520
138109
28329
54936
7165
7358
270862
7303
134732
40788
37266
9310
199706
12849
12302
14051
8412
11562
262708
135700
263661
11596
4808
393227
206262
135478
49117
33353
267799
1213
137268
43905
59109
9657
9842
58945
270419
8542
45820
263671
266345
328475
6697
327950
14373
35865
19216
23930
7057
139504
11814
49242
139418
109
21433
20845
328490
24218
14618
60880
23688
23953
29854
24186
8586
205471
7695
39288
25135
25408
265913
28438
125
41750
134852
50923
13896
11796
263725
35228
3561
15053
34177
41937
18719
36086
37532
141642
46690
132525
263310
136969
6079
20804
3257
135964
28538
39010
203268
136803
4621
133680
34261
5607
39369
29150
141067
174
262248
139981
28146
47833
17754
8529
38283
7794
30764
134886
25472
22460
136429
12942
138346
204073
16006
133388
17676
135480
1136
31472
12301
45194
45581
30372
47331
13333
12066
30988
24444
33749
32787
28118
28032
17552
9833
28972
138084
35467
24400
5610
1759
263503
16591
206798
27364
270366
141339
32067
38195
13767
9595
59518
9260
131790
30999
59155
30526
56628
135923
262504
265547
140405
4775
133311
262498
37559
141092
1931
18109
263144
269783
786
141322
17747
263140
53162
12793
23601
37333
27651
9500
134908
19429
32564
268251
11686
139651
16637
9321
62284
134134
23655
20207
45990
263258
263737
4007
32408
37673
721
136637
141127
136215
8217
21599
267416
12075
11830
31875
16360
262195
2860
27668
59785
136907
45410
9031
43948
15695
30259
134763
19751
13737
19037
135130
29245
139884
28502
132637
40749
27264
22773
8151
12735
10835
24940
140443
19801
268899
27773
17477
33556
14299
9905
28668
138665
1901
57007
28457
45302
24521
12874
11320
13490
5650
55836
269182
33544
56233
17054
30236
28255
268942
16948
29216
11924
2764
45445
7403
15969
9044
38713
61461
45905
17293
26478
262777
7018
5645
46616
134674
27932
136582
19600
44444
8167
205718
264136
45758
38266
28378
2914
29170
17974
11992
263774
59807
262352
196735
48161
6400
63646
52916
20001
328611
56595
9394
9299
36223
135386
20294
24757
29487
266732
21271
26198
12390
24086
135724
55461
28165
24028
394473
12271
63996
51043
262191
8047
23243
24529
23679
24534
16735
39608
52280
42943
134970
263102
138298
33651
137815
53080
135876
61675
5384
265631
139863
265290
9287
36974
9829
33771
2856
139400
139227
2905
28210
328146
9318
263218
5396
267885
133421
205424
3262
41167
12895
134180
45629
18206
25605
3741
27695
266331
136654
11589
136030
28598
43909
63981
206092
199270
199081
6752
30848
269139
9830
199435
3302
136820
134363
28661
8585
264556
269738
140437
264108
268246
19609
53184
3758
6128
15542
36866
52720
9457
11722
59365
4473
203735
134271
24378
55361
12361
55178
133360
268541
263432
52925
50780
16202
5410
133676
266413
58640
27775
6866
47493
16654
12389
23700
134772
28114
27989
22085
140317
12338
34779
139850
53005
8452
4764
7575
21054
10075
137329
327776
18881
328708
2381
23470
21574
18822
26048
206509
137
137699
17559
38901
134648
52995
33588
37088
19009
28283
28005
13649
395354
11488
131210
18229
203217
28303
23503
267308
395198
24364
1970
140025
4540
10029
17377
24560
263703
57248
53230
12312
7046
27996
11309
36715
328659
141532
13636
139870
14638
51313
263626
264821
48744
137432
30383
199276
15502
52233
139992
27725
56274
60876
25441
50628
60068
28512
9228
12654
45899
264360
23923
8437
263047
17145
269375
17996
38320
17478
264827
18153
134270
27994
59317
26291
14454
38765
7795
134878
17429
52468
10796
16347
138300
9931
58453
21710
262259
19108
9503
8708
56401
27017
139832
22302
21050
16960
13156
11290
11349
1221
58543
264704
44034
264446
32912
4800
131745
9381
38529
266802
21058
5713
81
31922
37204
5579963916
50551
43885
33470
38203
24586
58461
14259
10794
35985
135433
702
4565
37653
55824
22703
20255
43824
133024-133380-133905
30196
51100
19863
57112
262906
53289
262199
4983
264387
63267
138168
2518
30167
32665
25255
38592
140427
14522
35110
132957
61911
30219
17557
202819
8244
17894
52444
16696
269750
54600
72
9937
17885
135477
52878
6453
266233
61758
6253
197882
49333
4816
136230
34040
50432
8003
58895
197667
267823
7224
136224
201211
39238
8190
140607
25031
33779
25424
132652
200748
263026
135851
42337
25620
12455
262493
266502
21127
5606
262996
269426
9166
46023
263238
45903
140732
56043
35320
52682
30036
7590
45786
52369
11014
327750
52503
18883
45773
136200
11427
56242
393278
28007
11835
50734
138862
29050
54155
27800
137692
262784
20161
139203
55685
14472
55769
47377
134552
158
21430
327907
57269
20723
6830
137074
16669
30087
23088
50710
52674
27693
29467
22394
42090
26415299662254739657427544396544396566396576397193397197397202
763
45142
4613
133107
40154
139941
136119
36149
8447
135127
28191
8781
9340
268321
559
22047
8346
139043
9583
23893
264508
6730
139026
45433
7792
9924
51060
29828
61135
60814
50158
42841
269487
4760
57976
23201
265668
62368
136198
27988
52263
9873
132556
6503
268494
17971
262899
7029
52373
703
61307
24691
20650
53317
46887
23949
137996
43460
15450
11260
31350
52687
7011
16868
18101
268618
59167
5378
135756
25387
40810
56046
56466
24482
4847
18209
41843
262634
138089
25562
266520
15557
266069
31126
4755
262731
132021
139352
51336
41872
21246
14463
64050
203724
4837
134113
8468
14279
25983
16160
268491
19236
17301
14799
35549
138871
197709
53766
135353
266761
12097
31122
17378
262401
131482
19460
8821
13693
263173
16713
25951
45458
133524
55714
48832
12252
22787
133661
36907
17073
2386
14615
203
35819
5413
4058
267059
327983
43372
9902
1267
32194
15776
48728
36692
62642
198874
327991
136480
12025
47956
9506
45090
202
36911
43207
138119
263663
30202
30925
262296
267638
35104
17062
21782
59080
32257
36874
263793
264288
56456
8612
134869
48638
7068
53211
21283
4787
16284
137654
21088
27839
26077
17962
137289
8487
13296
139351
19076
34912
9498
135076
58485
2907
132559
204170
141916
10024
7992
5432
28534
60110
29963
24523
137449
56373
132445
6849
131232
18403
263098
26554
262875
137703
36105
137687
394384
55341
22652
133982
28685
35567
27964
38264
328237
132165
62028
19721
140726
264668
12430
138536
328038
12322
14061
28555
58963
4196
49583
43205
39657
268248
61452
9326
27696
47273
44671
137166
266410
135037
48945
5653
49628
28669
3356
58689
2711
40108
21272
45288
Equinix Hong Kong
18809
137666
15133
25152
16074
28725
17439
270703
265582
198004
3737
38138
12173
56048
198735
50463
139302
328244
138892
16019
9329
140144
39891
38524
20057
52657
56234
16762
37284
9812
136255
328453
26425
47232
16623
4795
7602
198279
52555
209179
37150
23383
15344
51407
140424
139972
24722
36813
27738
15221
21019
8445
268572
18530
141674
266281
60781
21783
36873
5617
38500
265705
27761
28885
28300
12714
141128
52735
7883
11976
139525
19397
51178
46375
133270
28548
262253
43843
7468
29217
7474
16342
266409
132770
48882
2611
51074
62753
134264
262710
131717
45775
208341
396982
38145
24532
55309
28196
27742
134259
138130
50995
17665
59150
263903
37385
13014
19419
17451
48595
137020
269346
37154
51038
16232
15311
7552
138835
136078
203568
51207
45588
140674
6799
35911
34254
135654
17762
35753
270996
267188
9723
28581
27884
60257
49800
16229
134419
135449
63526
44814
37305
39647
7713
41148
53008
27947
134542
134090
141646
29252
36997
30990
23860
58965
264486
29492
49865
328471
19443
37184
18862
134875
58400
51570
40285
11971
53089
131693
394353
10507
59257
206841
270913
56041
25081
202699
132148
265463
20771
27856
18678
6501
132203
11556
6648
57743
1747
23966
44869
201321
34704
140594
812
28173
132198
29070
62336
265852
139962
2586
2116
268471
39642
11776
6855
199010
40237
63949
52458
59361
6256
23002
10411
28343
395465
20676
36143
202053
706
5391
53158
204974
141147
26794
132167
5089
12708
328469
264659
42864
20926
9443
206635
48634
205400
20632
42382
264200
18723
38553
141314
265612
42189
204848
25180
35612
14115
28536
9988
28680
8400
10821
28458
29684
22334
28252
17816
264825
267195
28260
24088
197524
23910
28624
36903
328676
27740
47965
9536
23248
9658
264437
61745
38769
10838
52965
18382
134651
138754
135247
135722
267011
3326
6700
263151
57814
10991
6535
131628
8426
262838
47984
37358
7545
23724
42610
25512
9832
8374
34176
24525
138131
262197
19161
32431
46313
205409
62044
203435
25181
11003
23089
42003
9105
9848
198397
4637
24835
12479
17564
12083
28156
26919
133954
8767
9927
60788
263611
206
16082
13954
4809
138830
6327
34984
Equinix Singapore
52840
28753
262210
28171
4826
12741
33383
35313
137959
28284
52420
34820
38771
36994
8758
45305
36291
37069
24324
136377
5588
38258
39939
131445
37611
58717
265443
12399
266181
141626
26615
63930
8455
23951
39216
269545
61568
18196
12310
7500
12042
21339
134119
29208
135636
55352
45769
44407
55780
55960
37168
135061
271120
267427
206890
36534
18103
17623
45763
268427
134877
45317
263702
19332
262570
138901
262492
14755
14201
53066
60829
58678
16194
15169
2134
132950
28530
37353
44212
14988
19114
58906
269422
52038
264434
138059
53059
18113
28360
60415
14969
7565
7049
46826
46562
395516
262186
14080
10474
28573
25159
15491
8048
8422
13717
58821
138022
135887
28247
44702
45325
54201
132924
327987
31655
136873
198914
22438
4766
267175
45298
18289
47952
11172
61587
367
204642
135523
40864
43561
33576
45102
26599
7296
15048
37719
134202
265535
59282
55666
29600
395137
270062
8339
20473
58482
140030
1103
15704
37671
42313
34577
26617
4750
140849
25929
138421
30969
50673
201874
59816
28716
133276
11650
24916
131686
21826
28201
262216
28615
9619
2539
45498
37645
29091
52363
134884
199652
8053
5400
15399
2161
56197
201984
138001
29695
264800
45518
37680
38511
64300
22284
58504
140018
35432
328114
6848
9441
12357
55571
47626
8368
42772
137697
8601
45609
56478
50821
4589
42334
1239
11478
395526
269379
23678
37063
141071
11426
55947
10146
37282
10396
17807
21789
53120
264565
136320
13285
139280
38764
131111
21559
53181
41275
133989
32242
22869
266840
62347
19158
38019
29571
44400
265950
58369
4922
59164
42926
135692
17421
51812
2687
141347
59050
21412
10455
55410
17210
38067
134707
38758
263687
264861
139490
18666
38156
56040
22709
266769
4685
42863
24323
269351
23853
30041
328380
131090
24921
15547
328494
6821
1226
21021
58593
9808
270009
134004
11245
8517
58092
17310
71
9387
18964
9216
37529
328035
138716
53231
28368
8492
9208
64027
61851
139967
12611
1653
25820
136395
29256
264913
269308
27729
48359
53813
29649
16569
203554
803
28226
10429
6871
14178
398704
203214
136088
55944
59185
205254
4713
12670
327828
30325
61844
29644
134775
47253
139904
32233
30689
5603
133623
262503
6147
134773
205199
51223
37140
15582
16509
263250
207636
327812
27843
6429
1836
132280
263066
31727
35352
5394
59151
8881
262854
51964
132116
24173
53667
53987
137889
266314
262893
38346
39039
18365
15659
3265
58682
2516
24852
7155
24002
7106
6979
17385
199335
10370
263790
38712
266983
28229
33915
719
37629
328140
137677
22724
52330
33363
2828
267853
17547
53828
2152
10620
267947
37054
269190
36916
22561
202940
209046
263314
10834
140310
34876
138797
8717
52312
29975
58224
134033
27665
264198
196978
393924
45725
266853
27205
24547
265676
262342
262154
63222
204722
137331
4152
34781
20712
135376
63263
29049
22690
16886
9801
12392
9009
136646
32851
27747
24187
17897
262273
24492
262318
10318
139945
139428
48024
18046
15525
37347
136271
4804
270868
11765
8866
55501
53102
9269
3456
701
395315
24233
51561
201730
12578
42774
17625
38794
9230
23674
138699
23490
265355
137842
28545
35728
26592
137085
3249
207492
393442
267685
17638
49229
45785
43939
138150
52371
56329
28523
28006
14010
36524
208406
855
134945
18108
62011
265111
24139
8359
35656
680
51200
138886
10094
327804
3215
24445
852
4043
27953
133376
4913
136958
18182
45352
8228
28263
29259
199634
263146
37148
6102
327943
34660
132453
51440
17488
5774
14131
35805
38701
265540
11215
137340
40526
21873
22995
37203
134809
9268
133844
9738
21928
209425
8427
6315
17400
5578
327849
212939
17465
137651
41560
41176
42298
17390
16629
3269
262847
28276
55492
15247
27648
3573
328003
22884
37693
32489
135553
58495
8551
35394
265335
36549
135232
11135
265643
16592
3292
25039
51375
262813
17222
8193
7738
134739
29231
6619
18233
7194
43670
17621
37504
18703
37228
206814
23750
397142
11232
327782
9821
18207
266336
8473
35163
31144
141262
12494
327933
56042
5769
36937
13124
141634
134764
17639
13237
32886
59073
27831
198589
25513
11892
131893
19151
138079
270758
37492
138100
206067
138172
264384
58966
3067
209
15962
28026
55333
269183
17813
135607
23465
6739
201991
52901
17727
9684
140843
134319
51124
263230
271783
6646
140384
28623
797
7459
262215
14654
137144
45806
15924
16032
28509
14265
32277
23944
52228
55577
45650
263490
52286
136065
8046
5488
17995
266967
267752
134810
58466
2013
10753
60448
9335
10212
22616
138866
11081
30722
138482
24530
41032
266830
28878
6939
19905
14955
8163
138123
44558
30873
134316
14117
8334
51551
201983
5466
55990
201394
8103
8764
36351
11351
4181
26133
23956
265575
22899
6713
28657
6471
202561
29314
3577
397832
197897
38896
28556
4773
209799
37053
139425
30598
42010
58474
62099
39402
265661
36920
4134
53271
8903
34235
15802
8968
14374
21491
13999
5635
45176
264609
13036
