22334
47794
11478
51337
701
27648
267224
17885
16637
6871
11992
134945
11686
8151
16592
30598
135353
20676
31133
27831
56300
134090
201890
59807
3326
23487
7552
4787
8452
269190
33771
268942
7992
37653
15491
42864
264659
42926
12611
23655
4657
9269
38156
27856
60187
60814
8048
15221
139351
139832
136074
206049
16347
9595
4812
263098
14201
16360
9929
28668
28329
2518
62336
206814
38264
204170
37154
55780
3215
14615
14178
37150
6821
327776
14754
9216
28598
140843
54936
27932
32851
8427
55699
270366
136803
50780
13954
14299
135478
266761
131706
14306
21054
53062
60880
8881
200748
4773
12513
28669
12576
10212
19332
4713
32277
139400
35110
16032
9381
5769
1653
27895
55944
48832
7418
9299
15311
13156
11426
31263
43843
267853
14868
49628
59365
9116
11870
4181
31875
26133
34912
15802
50551
134264
31126
9930
8708
6939
32098
14259
11232
11135
264573
262420
139992
24028
20001
3816
9931
11404
133676
393924
267011
2907
38500
27205
46313
39402
14230
6167
206635
131444
26579
46616
262492
27699
18229
20650
43205
140469
262259
8075
5410
138131
8220
59150
1257
24757
264704
51407
7011
45763
52995
17665
132021
13999
42925
266345
20771
41709
29695
9657
34244
19161
327950
269375
16623
37315
8767
9304
9506
328453
81
6429
134270
266967
395354
7738
134542
16591
27696
2828
139972
11419
262916
19158
11814
6619
37564
17816
199270
265096
16342
49117
56197
8437
29217
28545
16509
3209
21339
55836
3902
56046
34660
138536
18539
15704
132280
55330
7590
18403
45758
136198
268321
36937
6830
34984
18678
138336
134271
24586
3456
27747
3303
60068
398391
12942
3602
7029
63859
4837
22566
45916
132950
51313
140025
45410
327983
207492
44671
269182
134674
4609
16284
395461
11245
38809
136199
15962
137085
27980
12578
58895
62802
6535
43160
20057
28005
10429
9443
1680
13489
56043
30041
265676
22381
9541
51336
55990
4134
812
198397
3067
7602
28548
55461
55693
264160
8400
5466
139870
37693
268541
38320
11664
135692
29256
26592
28191
139227
4515
12735
8468
26794
7642
39288
21430
13119
269738
30873
32257
137959
138089
9341
262210
17622
8412
2527
45903
28226
36534
27017
8781
28878
16696
51590
1836
1267
61452
24173
10879
42298
14115
7470
1221
132203
136078
14117
37148
11492
134810
15169
263230
139989
138881
141532
134875
36105
16868
48595
52228
12066
4760
266621
18196
6805
44395
35313
264628
134861
9498
29091
4766
136646
23930
45582
3301
35549
11172
52330
4804
140317
4538
3269
27775
6568
37105
9808
20207
9829
139941
209
13110
12849
29571
33915
132453
204848
37284
11014
2119
58966
263238
58821
48359
264198
137689
31922
28080
2611
28007
17670
7303
56628
39642
29314
133524
7922
208341
135553
17754
5483
201730
136654
52361
36994
15053
55714
35985
7298
5650
45820
5610
8445
9832
3356
15399
15582
137654
133623
140174
30600
27839
44558
202699
21574
138059
17210
4808
1901
19429
11488
25081
35819
140384
52735
263023
265535
47984
137329
6799
9988
8758
3302
42010
14061
204974
24547
21599
31472
15290
7497
27947
22787
20077
10094
135477
11489
133311
45806
17638
59185
25424
270996
15776
136030
22884
25771
61844
27668
12479
50158
17483
8551
37168
133647
10075
3737
17506
36692
28118
140726
58466
22652
43343
27882
12392
63888
63996
174
17451
13977
210162
15450
199484
15435
23956
7545
264605
12874
28457
13037
5432
855
12302
138300
24921
13649
7018
17557
49800
396982
134869
138130
12350
42841
38019
19443
37358
23243
8334
201211
203568
21993
7049
58495
41032
52373
135480
3292
264571
17996
40339
10620
12714
10474
35865
5009
264929
17547
7403
15895
47273
262191
36715
45899
11351
269545
22394
64027
56044
133982
8368
263626
12975
6181
27994
10796
33588
262847
11320
328125
4750
803
205110
133612
199081
267278
140732
42575
22284
2381
45804
23316
50923
131207
38067
56047
50266
11830
23674
138005
30030
7713
26048
264159
262813
267195
37061
13188
23951
6453
47626
63222
51223
132637
44444
201991
8399
8003
60829
134877
267885
24560
3462
21782
199276
328471
12301
264360
4764
32912
134764
3549
132652
28538
5602
45905
24187
49100
20294
262503
27729
18046
44407
56478
59164
327907
58945
34762
25513
51561
27951
40154
16700
9684
30689
57743
22085
33749
14080
45775
7106
12400
1226
45629
5089
134319
4788
5713
45325
5416
262296
50432
263737
8103
35728
18001
37053
28657
37353
11272
134594
52363
137432
328676
2711
16086
5607
265443
141314
395465
8374
11589
140424
206841
37611
133107
137699
43905
45769
20115
1273
138123
34235
36291
16232
64018
11776
264434
4755
53102
262342
201321
9031
56041
28573
28331
12353
7224
131790
719
138311
17727
56595
202
328237
53813
16276
6739
12552
36590
140144
64300
264913
264825
268899
8473
51038
21928
24835
53008
24444
60426
9830
266802
25620
38203
19216
4847
577
269898
21019
39010
15557
59361
6697
132480
63267
45102
56242
18881
8866
46375
262199
12083
133844
17552
139418
19076
26210
9927
3786
28114
55492
139863
23688
264668
50628
53231
18734
58689
30036
4618
61633
4800
63981
204642
14755
328594
30844
12741
45433
50710
10834
3265
58906
6866
37088
18747
3320
16229
395137
132199
2013
133989
138886
52371
59257
14638
22460
8163
135636
263725
9198
13693
201984
132165
4043
140030
4196
8053
23465
20912
24435
55039
9503
42090
23700
48744
10837
264556
7474
28624
22773
12389
5413
45305
62347
264861
24378
28581
139409
53158
19108
265540
27738
28165
20880
269139
138001
8455
56048
14279
2860
52280
56040
264821
6057
3741
43939
328708
48161
38235
197897
12399
11845
133661
22724
9873
26615
6503
3758
1213
61675
29170
26034
5391
37457
38553
22927
131111
12252
55410
5617
41872
37266
137889
9121
4809
25180
11081
8447
4761
5384
62929
42189
134648
24186
1759
21710
269308
15247
48638
43561
28378
136969
134153
29070
6461
136429
12430
134033
34704
11427
9310
25255
58504
2134
46023
59816
203217
135449
54607
9924
394384
35432
17310
58485
10029
5635
63969
262195
2516
14454
43460
8968
9905
196735
45786
12271
198004
51043
6471
205471
6848
270009
134707
6128
135232
10318
139428
1136
266233
17995
267308
12793
43670
16629
31655
28186
40788
265050
45317
29614
2586
38511
36873
21724
265347
55501
43372
33651
6327
5400
2539
136993
702
5606
131090
136907
3257
199335
12895
327933
28156
42772
1239
139280
45458
8764
199706
4230
262893
262854
12494
140405
27843
265668
3132
138079
37680
14051
43766
23201
23860
51964
33363
135964
3573
199010
18206
16735
61135
36997
26599
27651
3352
134809
29684
8047
55960
17621
205254
22561
23088
29828
18002
30526
4795
15525
28716
36992
262186
23969
6147
55430
8228
43207
8339
22616
9321
30722
25019
20845
17639
9790
47377
26617
38195
28680
27953
23949
47956
13208
41750
139425
23089
134852
2856
25472
131232
51375
45142
21412
2116
328146
37009
327750
17762
1853
17072
48634
136119
8244
25668
267175
26619
28403
45117
6079
23944
132116
52468
5588
28458
23966
852
16906
6400
37963
18666
8167
9009
36974
24482
16194
7194
3221
19801
24445
9318
264030
135700
15502
42334
37451
264384
263047
135722
29467
62044
52878
202561
