# traceroute 1843837
33915
55501
17465
56047
8151
16509
28878
42010
63930
138079
51964
803
58682
55492
2611
32098
20115
140732
135700
45820
174
812
15962
262186
17762
17623
4847
140174
18153
199276
22438
20771
36992
262498
20650
141128
4134
36937
577
11014
3462
49628
202699
268248
6147
8048
30873
7642
45305
10834
55693
17621
134762
25620
134877
5394
140025
3132
30844
205254
9299
22703
134271
28368
3215
206262
24154
6400
36907
24444
3786
9457
38511
264659
55309
4808
264387
2119
18233
23688
17816
5432
17429
28156
16276
14279
7590
22884
22616
262875
17638
11427
4761
38150
135356
9619
9498
137996
4837
62802
9929
58461
9930
136074
29465
38809
45410
9808
23243
6619
33363
262420
29600
24835
56041
133647
18539
138421
15924
18002
24139
327933
34984
56040
27843
33588
7018
56048
13999
7303
202940
10024
134319
18403
8075
1221
265668
3352
4787
12735
14259
59164
9848
1239
7713
11488
8968
52468
4755
3549
4812
